2 	3 	25
2 	5 	37
2 	6 	12
3 	2 	25
3 	5 	62
3 	6 	37
4 	7 	22
4 	8 	24
4 	9 	51
4 	10 	51
5 	2 	37
5 	3 	62
5 	6 	25
6 	2 	12
6 	3 	37
6 	5 	25
7 	4 	22
7 	8 	46
7 	9 	73
7 	10 	29
8 	4 	24
8 	7 	46
8 	9 	27
8 	10 	75
9 	4 	51
9 	7 	73
9 	8 	27
9 	10 	102
10 	4 	51
10 	7 	29
10 	8 	75
10 	9 	102
11 	12 	15
11 	13 	55
11 	14 	48
11 	15 	50
11 	16 	29
11 	17 	23
11 	18 	42
11 	19 	30
11 	20 	17
12 	11 	15
12 	13 	64
12 	14 	33
12 	15 	35
12 	16 	44
12 	17 	38
12 	18 	27
12 	19 	15
12 	20 	2
13 	11 	55
13 	12 	64
13 	14 	31
13 	15 	29
13 	16 	84
13 	17 	32
13 	18 	37
13 	19 	79
13 	20 	66
14 	11 	48
14 	12 	33
14 	13 	31
14 	15 	2
14 	16 	77
14 	17 	63
14 	18 	6
14 	19 	48
14 	20 	35
15 	11 	50
15 	12 	35
15 	13 	29
15 	14 	2
15 	16 	79
15 	17 	61
15 	18 	8
15 	19 	50
15 	20 	37
16 	11 	29
16 	12 	44
16 	13 	84
16 	14 	77
16 	15 	79
16 	17 	52
16 	18 	71
16 	19 	59
16 	20 	46
17 	11 	23
17 	12 	38
17 	13 	32
17 	14 	63
17 	15 	61
17 	16 	52
17 	18 	65
17 	19 	53
17 	20 	40
18 	11 	42
18 	12 	27
18 	13 	37
18 	14 	6
18 	15 	8
18 	16 	71
18 	17 	65
18 	19 	42
18 	20 	29
19 	11 	30
19 	12 	15
19 	13 	79
19 	14 	48
19 	15 	50
19 	16 	59
19 	17 	53
19 	18 	42
19 	20 	17
20 	11 	17
20 	12 	2
20 	13 	66
20 	14 	35
20 	15 	37
20 	16 	46
20 	17 	40
20 	18 	29
20 	19 	17
21 	22 	48
21 	23 	80
21 	24 	15
21 	25 	18
21 	26 	20
21 	27 	24
21 	28 	30
21 	29 	17
21 	30 	28
22 	21 	48
22 	23 	32
22 	24 	63
22 	25 	30
22 	26 	68
22 	27 	36
22 	28 	78
22 	29 	65
22 	30 	76
23 	21 	80
23 	22 	32
23 	24 	95
23 	25 	62
23 	26 	100
23 	27 	68
23 	28 	110
23 	29 	97
23 	30 	108
24 	21 	15
24 	22 	63
24 	23 	95
24 	25 	33
24 	26 	5
24 	27 	39
24 	28 	15
24 	29 	24
24 	30 	13
25 	21 	18
25 	22 	30
25 	23 	62
25 	24 	33
25 	26 	38
25 	27 	6
25 	28 	48
25 	29 	35
25 	30 	46
26 	21 	20
26 	22 	68
26 	23 	100
26 	24 	5
26 	25 	38
26 	27 	44
26 	28 	10
26 	29 	19
26 	30 	8
27 	21 	24
27 	22 	36
27 	23 	68
27 	24 	39
27 	25 	6
27 	26 	44
27 	28 	54
27 	29 	41
27 	30 	52
28 	21 	30
28 	22 	78
28 	23 	110
28 	24 	15
28 	25 	48
28 	26 	10
28 	27 	54
28 	29 	29
28 	30 	18
29 	21 	17
29 	22 	65
29 	23 	97
29 	24 	24
29 	25 	35
29 	26 	19
29 	27 	41
29 	28 	29
29 	30 	27
30 	21 	28
30 	22 	76
30 	23 	108
30 	24 	13
30 	25 	46
30 	26 	8
30 	27 	52
30 	28 	18
30 	29 	27
31 	32 	12
31 	33 	20
31 	35 	7
31 	36 	19
31 	39 	11
31 	40 	40
32 	31 	12
32 	33 	32
32 	35 	19
32 	36 	7
32 	39 	23
32 	40 	52
33 	31 	20
33 	32 	32
33 	35 	13
33 	36 	39
33 	39 	17
33 	40 	20
35 	31 	7
35 	32 	19
35 	33 	13
35 	36 	26
35 	39 	4
35 	40 	33
36 	31 	19
36 	32 	7
36 	33 	39
36 	35 	26
36 	39 	30
36 	40 	59
37 	38 	3
38 	37 	3
39 	31 	11
39 	32 	23
39 	33 	17
39 	35 	4
39 	36 	30
39 	40 	37
40 	31 	40
40 	32 	52
40 	33 	20
40 	35 	33
40 	36 	59
40 	39 	37
41 	43 	47
41 	44 	38
41 	48 	26
41 	49 	31
42 	45 	47
42 	46 	19
42 	47 	21
42 	50 	3
43 	41 	47
43 	44 	24
43 	48 	21
43 	49 	17
44 	41 	38
44 	43 	24
44 	48 	12
44 	49 	7
45 	42 	47
45 	46 	66
45 	47 	26
45 	50 	50
46 	42 	19
46 	45 	66
46 	47 	40
46 	50 	22
47 	42 	21
47 	45 	26
47 	46 	40
47 	50 	24
48 	41 	26
48 	43 	21
48 	44 	12
48 	49 	5
49 	41 	31
49 	43 	17
49 	44 	7
49 	48 	5
50 	42 	3
50 	45 	50
50 	46 	22
50 	47 	24
51 	52 	27
51 	53 	18
51 	54 	50
51 	55 	73
51 	56 	71
51 	57 	43
51 	58 	14
51 	59 	19
51 	60 	12
52 	51 	27
52 	53 	17
52 	54 	49
52 	55 	72
52 	56 	70
52 	57 	42
52 	58 	13
52 	59 	18
52 	60 	39
53 	51 	18
53 	52 	17
53 	54 	32
53 	55 	55
53 	56 	53
53 	57 	25
53 	58 	4
53 	59 	1
53 	60 	30
54 	51 	50
54 	52 	49
54 	53 	32
54 	55 	23
54 	56 	21
54 	57 	57
54 	58 	36
54 	59 	31
54 	60 	62
55 	51 	73
55 	52 	72
55 	53 	55
55 	54 	23
55 	56 	2
55 	57 	80
55 	58 	59
55 	59 	54
55 	60 	85
56 	51 	71
56 	52 	70
56 	53 	53
56 	54 	21
56 	55 	2
56 	57 	78
56 	58 	57
56 	59 	52
56 	60 	83
57 	51 	43
57 	52 	42
57 	53 	25
57 	54 	57
57 	55 	80
57 	56 	78
57 	58 	29
57 	59 	26
57 	60 	55
58 	51 	14
58 	52 	13
58 	53 	4
58 	54 	36
58 	55 	59
58 	56 	57
58 	57 	29
58 	59 	5
58 	60 	26
59 	51 	19
59 	52 	18
59 	53 	1
59 	54 	31
59 	55 	54
59 	56 	52
59 	57 	26
59 	58 	5
59 	60 	31
60 	51 	12
60 	52 	39
60 	53 	30
60 	54 	62
60 	55 	85
60 	56 	83
60 	57 	55
60 	58 	26
60 	59 	31
61 	62 	24
61 	64 	3
61 	65 	9
62 	61 	24
62 	64 	27
62 	65 	33
63 	67 	23
63 	68 	22
63 	70 	54
64 	61 	3
64 	62 	27
64 	65 	12
65 	61 	9
65 	62 	33
65 	64 	12
66 	69 	20
67 	63 	23
67 	68 	45
67 	70 	31
68 	63 	22
68 	67 	45
68 	70 	76
69 	66 	20
70 	63 	54
70 	67 	31
70 	68 	76
71 	72 	56
71 	73 	79
71 	74 	84
71 	75 	60
71 	76 	67
71 	77 	41
71 	78 	24
71 	79 	31
71 	80 	31
72 	71 	56
72 	73 	53
72 	74 	28
72 	75 	34
72 	76 	41
72 	77 	15
72 	78 	32
72 	79 	25
72 	80 	87
73 	71 	79
73 	72 	53
73 	74 	81
73 	75 	19
73 	76 	26
73 	77 	38
73 	78 	55
73 	79 	48
73 	80 	110
74 	71 	84
74 	72 	28
74 	73 	81
74 	75 	62
74 	76 	69
74 	77 	43
74 	78 	60
74 	79 	53
74 	80 	115
75 	71 	60
75 	72 	34
75 	73 	19
75 	74 	62
75 	76 	7
75 	77 	19
75 	78 	36
75 	79 	29
75 	80 	91
76 	71 	67
76 	72 	41
76 	73 	26
76 	74 	69
76 	75 	7
76 	77 	26
76 	78 	43
76 	79 	36
76 	80 	98
77 	71 	41
77 	72 	15
77 	73 	38
77 	74 	43
77 	75 	19
77 	76 	26
77 	78 	17
77 	79 	10
77 	80 	72
78 	71 	24
78 	72 	32
78 	73 	55
78 	74 	60
78 	75 	36
78 	76 	43
78 	77 	17
78 	79 	7
78 	80 	55
79 	71 	31
79 	72 	25
79 	73 	48
79 	74 	53
79 	75 	29
79 	76 	36
79 	77 	10
79 	78 	7
79 	80 	62
80 	71 	31
80 	72 	87
80 	73 	110
80 	74 	115
80 	75 	91
80 	76 	98
80 	77 	72
80 	78 	55
80 	79 	62
81 	82 	64
81 	83 	108
81 	84 	37
81 	85 	45
81 	86 	23
81 	87 	83
81 	88 	119
81 	89 	61
81 	90 	122
82 	81 	64
82 	83 	44
82 	84 	27
82 	85 	63
82 	86 	41
82 	87 	19
82 	88 	55
82 	89 	51
82 	90 	58
83 	81 	108
83 	82 	44
83 	84 	71
83 	85 	107
83 	86 	85
83 	87 	25
83 	88 	11
83 	89 	95
83 	90 	14
84 	81 	37
84 	82 	27
84 	83 	71
84 	85 	36
84 	86 	14
84 	87 	46
84 	88 	82
84 	89 	24
84 	90 	85
85 	81 	45
85 	82 	63
85 	83 	107
85 	84 	36
85 	86 	22
85 	87 	82
85 	88 	118
85 	89 	60
85 	90 	121
86 	81 	23
86 	82 	41
86 	83 	85
86 	84 	14
86 	85 	22
86 	87 	60
86 	88 	96
86 	89 	38
86 	90 	99
87 	81 	83
87 	82 	19
87 	83 	25
87 	84 	46
87 	85 	82
87 	86 	60
87 	88 	36
87 	89 	70
87 	90 	39
88 	81 	119
88 	82 	55
88 	83 	11
88 	84 	82
88 	85 	118
88 	86 	96
88 	87 	36
88 	89 	106
88 	90 	3
89 	81 	61
89 	82 	51
89 	83 	95
89 	84 	24
89 	85 	60
89 	86 	38
89 	87 	70
89 	88 	106
89 	90 	109
90 	81 	122
90 	82 	58
90 	83 	14
90 	84 	85
90 	85 	121
90 	86 	99
90 	87 	39
90 	88 	3
90 	89 	109
91 	92 	38
91 	93 	61
91 	95 	23
91 	97 	52
91 	98 	17
91 	99 	51
91 	100 	50
92 	91 	38
92 	93 	23
92 	95 	15
92 	97 	14
92 	98 	55
92 	99 	13
92 	100 	42
93 	91 	61
93 	92 	23
93 	95 	38
93 	97 	9
93 	98 	78
93 	99 	10
93 	100 	65
95 	91 	23
95 	92 	15
95 	93 	38
95 	97 	29
95 	98 	40
95 	99 	28
95 	100 	27
97 	91 	52
97 	92 	14
97 	93 	9
97 	95 	29
97 	98 	69
97 	99 	1
97 	100 	56
98 	91 	17
98 	92 	55
98 	93 	78
98 	95 	40
98 	97 	69
98 	99 	68
98 	100 	67
99 	91 	51
99 	92 	13
99 	93 	10
99 	95 	28
99 	97 	1
99 	98 	68
99 	100 	55
100 	91 	50
100 	92 	42
100 	93 	65
100 	95 	27
100 	97 	56
100 	98 	67
100 	99 	55
101 	102 	29
101 	103 	61
101 	104 	84
101 	105 	146
101 	106 	62
101 	107 	114
101 	108 	27
101 	109 	57
101 	110 	140
102 	101 	29
102 	103 	32
102 	104 	55
102 	105 	117
102 	106 	33
102 	107 	85
102 	108 	56
102 	109 	28
102 	110 	111
103 	101 	61
103 	102 	32
103 	104 	87
103 	105 	149
103 	106 	1
103 	107 	117
103 	108 	88
103 	109 	60
103 	110 	143
104 	101 	84
104 	102 	55
104 	103 	87
104 	105 	62
104 	106 	88
104 	107 	30
104 	108 	111
104 	109 	27
104 	110 	56
105 	101 	146
105 	102 	117
105 	103 	149
105 	104 	62
105 	106 	150
105 	107 	32
105 	108 	173
105 	109 	89
105 	110 	58
106 	101 	62
106 	102 	33
106 	103 	1
106 	104 	88
106 	105 	150
106 	107 	118
106 	108 	89
106 	109 	61
106 	110 	144
107 	101 	114
107 	102 	85
107 	103 	117
107 	104 	30
107 	105 	32
107 	106 	118
107 	108 	141
107 	109 	57
107 	110 	26
108 	101 	27
108 	102 	56
108 	103 	88
108 	104 	111
108 	105 	173
108 	106 	89
108 	107 	141
108 	109 	84
108 	110 	167
109 	101 	57
109 	102 	28
109 	103 	60
109 	104 	27
109 	105 	89
109 	106 	61
109 	107 	57
109 	108 	84
109 	110 	83
110 	101 	140
110 	102 	111
110 	103 	143
110 	104 	56
110 	105 	58
110 	106 	144
110 	107 	26
110 	108 	167
110 	109 	83
111 	112 	5
111 	113 	14
111 	114 	42
111 	115 	7
111 	116 	35
111 	117 	32
111 	118 	13
111 	119 	14
111 	120 	36
112 	111 	5
112 	113 	9
112 	114 	37
112 	115 	2
112 	116 	30
112 	117 	27
112 	118 	8
112 	119 	9
112 	120 	31
113 	111 	14
113 	112 	9
113 	114 	46
113 	115 	7
113 	116 	39
113 	117 	20
113 	118 	1
113 	119 	18
113 	120 	36
114 	111 	42
114 	112 	37
114 	113 	46
114 	115 	39
114 	116 	7
114 	117 	64
114 	118 	45
114 	119 	46
114 	120 	68
115 	111 	7
115 	112 	2
115 	113 	7
115 	114 	39
115 	116 	32
115 	117 	25
115 	118 	6
115 	119 	11
115 	120 	29
116 	111 	35
116 	112 	30
116 	113 	39
116 	114 	7
116 	115 	32
116 	117 	57
116 	118 	38
116 	119 	39
116 	120 	61
117 	111 	32
117 	112 	27
117 	113 	20
117 	114 	64
117 	115 	25
117 	116 	57
117 	118 	19
117 	119 	36
117 	120 	54
118 	111 	13
118 	112 	8
118 	113 	1
118 	114 	45
118 	115 	6
118 	116 	38
118 	117 	19
118 	119 	17
118 	120 	35
119 	111 	14
119 	112 	9
119 	113 	18
119 	114 	46
119 	115 	11
119 	116 	39
119 	117 	36
119 	118 	17
119 	120 	40
120 	111 	36
120 	112 	31
120 	113 	36
120 	114 	68
120 	115 	29
120 	116 	61
120 	117 	54
120 	118 	35
120 	119 	40
121 	122 	52
121 	124 	40
121 	125 	49
121 	126 	29
121 	127 	25
121 	128 	74
121 	129 	78
121 	130 	51
122 	121 	52
122 	124 	12
122 	125 	51
122 	126 	23
122 	127 	27
122 	128 	76
122 	129 	26
122 	130 	23
124 	121 	40
124 	122 	12
124 	125 	39
124 	126 	11
124 	127 	15
124 	128 	64
124 	129 	38
124 	130 	11
125 	121 	49
125 	122 	51
125 	124 	39
125 	126 	28
125 	127 	24
125 	128 	25
125 	129 	77
125 	130 	50
126 	121 	29
126 	122 	23
126 	124 	11
126 	125 	28
126 	127 	4
126 	128 	53
126 	129 	49
126 	130 	22
127 	121 	25
127 	122 	27
127 	124 	15
127 	125 	24
127 	126 	4
127 	128 	49
127 	129 	53
127 	130 	26
128 	121 	74
128 	122 	76
128 	124 	64
128 	125 	25
128 	126 	53
128 	127 	49
128 	129 	102
128 	130 	75
129 	121 	78
129 	122 	26
129 	124 	38
129 	125 	77
129 	126 	49
129 	127 	53
129 	128 	102
129 	130 	49
130 	121 	51
130 	122 	23
130 	124 	11
130 	125 	50
130 	126 	22
130 	127 	26
130 	128 	75
130 	129 	49
131 	132 	11
131 	133 	37
131 	134 	21
131 	135 	26
131 	136 	18
131 	137 	61
131 	138 	15
131 	139 	30
131 	140 	25
132 	131 	11
132 	133 	48
132 	134 	32
132 	135 	37
132 	136 	29
132 	137 	72
132 	138 	26
132 	139 	41
132 	140 	36
133 	131 	37
133 	132 	48
133 	134 	16
133 	135 	11
133 	136 	19
133 	137 	46
133 	138 	31
133 	139 	15
133 	140 	20
134 	131 	21
134 	132 	32
134 	133 	16
134 	135 	5
134 	136 	3
134 	137 	40
134 	138 	25
134 	139 	9
134 	140 	4
135 	131 	26
135 	132 	37
135 	133 	11
135 	134 	5
135 	136 	8
135 	137 	35
135 	138 	20
135 	139 	4
135 	140 	9
136 	131 	18
136 	132 	29
136 	133 	19
136 	134 	3
136 	135 	8
136 	137 	43
136 	138 	28
136 	139 	12
136 	140 	7
137 	131 	61
137 	132 	72
137 	133 	46
137 	134 	40
137 	135 	35
137 	136 	43
137 	138 	47
137 	139 	31
137 	140 	44
138 	131 	15
138 	132 	26
138 	133 	31
138 	134 	25
138 	135 	20
138 	136 	28
138 	137 	47
138 	139 	16
138 	140 	29
139 	131 	30
139 	132 	41
139 	133 	15
139 	134 	9
139 	135 	4
139 	136 	12
139 	137 	31
139 	138 	16
139 	140 	13
140 	131 	25
140 	132 	36
140 	133 	20
140 	134 	4
140 	135 	9
140 	136 	7
140 	137 	44
140 	138 	29
140 	139 	13
141 	145 	2
142 	143 	45
142 	144 	28
142 	146 	64
142 	148 	77
142 	150 	70
143 	142 	45
143 	144 	17
143 	146 	19
143 	148 	32
143 	150 	25
144 	142 	28
144 	143 	17
144 	146 	36
144 	148 	49
144 	150 	42
145 	141 	2
146 	142 	64
146 	143 	19
146 	144 	36
146 	148 	51
146 	150 	6
147 	149 	27
148 	142 	77
148 	143 	32
148 	144 	49
148 	146 	51
148 	150 	57
149 	147 	27
150 	142 	70
150 	143 	25
150 	144 	42
150 	146 	6
150 	148 	57
151 	152 	3
151 	157 	21
151 	160 	31
152 	151 	3
152 	157 	18
152 	160 	34
153 	156 	46
153 	158 	29
153 	159 	40
156 	153 	46
156 	158 	17
156 	159 	6
157 	151 	21
157 	152 	18
157 	160 	52
158 	153 	29
158 	156 	17
158 	159 	11
159 	153 	40
159 	156 	6
159 	158 	11
160 	151 	31
160 	152 	34
160 	157 	52
161 	162 	73
161 	163 	118
161 	164 	87
161 	165 	30
161 	166 	56
161 	167 	106
161 	168 	104
161 	169 	10
161 	170 	127
162 	161 	73
162 	163 	45
162 	164 	48
162 	165 	43
162 	166 	17
162 	167 	33
162 	168 	31
162 	169 	83
162 	170 	54
163 	161 	118
163 	162 	45
163 	164 	93
163 	165 	88
163 	166 	62
163 	167 	16
163 	168 	14
163 	169 	128
163 	170 	37
164 	161 	87
164 	162 	48
164 	163 	93
164 	165 	57
164 	166 	31
164 	167 	81
164 	168 	79
164 	169 	97
164 	170 	102
165 	161 	30
165 	162 	43
165 	163 	88
165 	164 	57
165 	166 	26
165 	167 	76
165 	168 	74
165 	169 	40
165 	170 	97
166 	161 	56
166 	162 	17
166 	163 	62
166 	164 	31
166 	165 	26
166 	167 	50
166 	168 	48
166 	169 	66
166 	170 	71
167 	161 	106
167 	162 	33
167 	163 	16
167 	164 	81
167 	165 	76
167 	166 	50
167 	168 	2
167 	169 	116
167 	170 	21
168 	161 	104
168 	162 	31
168 	163 	14
168 	164 	79
168 	165 	74
168 	166 	48
168 	167 	2
168 	169 	114
168 	170 	23
169 	161 	10
169 	162 	83
169 	163 	128
169 	164 	97
169 	165 	40
169 	166 	66
169 	167 	116
169 	168 	114
169 	170 	137
170 	161 	127
170 	162 	54
170 	163 	37
170 	164 	102
170 	165 	97
170 	166 	71
170 	167 	21
170 	168 	23
170 	169 	137
171 	173 	27
172 	175 	8
172 	176 	31
172 	177 	45
172 	178 	77
172 	179 	5
172 	180 	66
173 	171 	27
175 	172 	8
175 	176 	39
175 	177 	53
175 	178 	85
175 	179 	13
175 	180 	74
176 	172 	31
176 	175 	39
176 	177 	14
176 	178 	46
176 	179 	26
176 	180 	35
177 	172 	45
177 	175 	53
177 	176 	14
177 	178 	32
177 	179 	40
177 	180 	21
178 	172 	77
178 	175 	85
178 	176 	46
178 	177 	32
178 	179 	72
178 	180 	53
179 	172 	5
179 	175 	13
179 	176 	26
179 	177 	40
179 	178 	72
179 	180 	61
180 	172 	66
180 	175 	74
180 	176 	35
180 	177 	21
180 	178 	53
180 	179 	61
181 	183 	18
181 	184 	25
181 	190 	1
182 	185 	37
182 	186 	27
182 	187 	9
182 	188 	18
182 	189 	51
183 	181 	18
183 	184 	43
183 	190 	19
184 	181 	25
184 	183 	43
184 	190 	26
185 	182 	37
185 	186 	28
185 	187 	46
185 	188 	19
185 	189 	14
186 	182 	27
186 	185 	28
186 	187 	36
186 	188 	9
186 	189 	42
187 	182 	9
187 	185 	46
187 	186 	36
187 	188 	27
187 	189 	60
188 	182 	18
188 	185 	19
188 	186 	9
188 	187 	27
188 	189 	33
189 	182 	51
189 	185 	14
189 	186 	42
189 	187 	60
189 	188 	33
190 	181 	1
190 	183 	19
190 	184 	26
191 	192 	6
191 	195 	19
191 	196 	19
191 	198 	27
192 	191 	6
192 	195 	13
192 	196 	25
192 	198 	21
193 	194 	24
193 	197 	3
193 	199 	13
193 	200 	17
194 	193 	24
194 	197 	21
194 	199 	31
194 	200 	41
195 	191 	19
195 	192 	13
195 	196 	38
195 	198 	34
196 	191 	19
196 	192 	25
196 	195 	38
196 	198 	46
197 	193 	3
197 	194 	21
197 	199 	10
197 	200 	20
198 	191 	27
198 	192 	21
198 	195 	34
198 	196 	46
199 	193 	13
199 	194 	31
199 	197 	10
199 	200 	30
200 	193 	17
200 	194 	41
200 	197 	20
200 	199 	30
201 	202 	51
201 	203 	55
201 	204 	23
201 	205 	27
201 	206 	49
201 	207 	31
201 	208 	91
201 	209 	61
201 	210 	63
202 	201 	51
202 	203 	4
202 	204 	28
202 	205 	24
202 	206 	2
202 	207 	28
202 	208 	88
202 	209 	58
202 	210 	60
203 	201 	55
203 	202 	4
203 	204 	32
203 	205 	28
203 	206 	6
203 	207 	32
203 	208 	92
203 	209 	62
203 	210 	64
204 	201 	23
204 	202 	28
204 	203 	32
204 	205 	4
204 	206 	26
204 	207 	8
204 	208 	68
204 	209 	38
204 	210 	40
205 	201 	27
205 	202 	24
205 	203 	28
205 	204 	4
205 	206 	22
205 	207 	4
205 	208 	64
205 	209 	34
205 	210 	36
206 	201 	49
206 	202 	2
206 	203 	6
206 	204 	26
206 	205 	22
206 	207 	26
206 	208 	86
206 	209 	56
206 	210 	58
207 	201 	31
207 	202 	28
207 	203 	32
207 	204 	8
207 	205 	4
207 	206 	26
207 	208 	60
207 	209 	30
207 	210 	32
208 	201 	91
208 	202 	88
208 	203 	92
208 	204 	68
208 	205 	64
208 	206 	86
208 	207 	60
208 	209 	30
208 	210 	32
209 	201 	61
209 	202 	58
209 	203 	62
209 	204 	38
209 	205 	34
209 	206 	56
209 	207 	30
209 	208 	30
209 	210 	2
210 	201 	63
210 	202 	60
210 	203 	64
210 	204 	40
210 	205 	36
210 	206 	58
210 	207 	32
210 	208 	32
210 	209 	2
211 	212 	25
211 	213 	41
211 	214 	29
211 	216 	36
211 	217 	15
211 	218 	66
211 	219 	11
211 	220 	35
212 	211 	25
212 	213 	16
212 	214 	27
212 	216 	61
212 	217 	40
212 	218 	91
212 	219 	36
212 	220 	33
213 	211 	41
213 	212 	16
213 	214 	43
213 	216 	77
213 	217 	56
213 	218 	107
213 	219 	52
213 	220 	49
214 	211 	29
214 	212 	27
214 	213 	43
214 	216 	43
214 	217 	44
214 	218 	73
214 	219 	18
214 	220 	6
216 	211 	36
216 	212 	61
216 	213 	77
216 	214 	43
216 	217 	51
216 	218 	30
216 	219 	25
216 	220 	49
217 	211 	15
217 	212 	40
217 	213 	56
217 	214 	44
217 	216 	51
217 	218 	81
217 	219 	26
217 	220 	50
218 	211 	66
218 	212 	91
218 	213 	107
218 	214 	73
218 	216 	30
218 	217 	81
218 	219 	55
218 	220 	79
219 	211 	11
219 	212 	36
219 	213 	52
219 	214 	18
219 	216 	25
219 	217 	26
219 	218 	55
219 	220 	24
220 	211 	35
220 	212 	33
220 	213 	49
220 	214 	6
220 	216 	49
220 	217 	50
220 	218 	79
220 	219 	24
221 	222 	16
221 	223 	35
221 	224 	41
221 	225 	45
221 	226 	45
221 	227 	50
221 	228 	47
221 	229 	29
221 	230 	74
222 	221 	16
222 	223 	51
222 	224 	57
222 	225 	61
222 	226 	61
222 	227 	66
222 	228 	31
222 	229 	45
222 	230 	90
223 	221 	35
223 	222 	51
223 	224 	6
223 	225 	10
223 	226 	22
223 	227 	23
223 	228 	82
223 	229 	6
223 	230 	51
224 	221 	41
224 	222 	57
224 	223 	6
224 	225 	16
224 	226 	22
224 	227 	17
224 	228 	88
224 	229 	12
224 	230 	51
225 	221 	45
225 	222 	61
225 	223 	10
225 	224 	16
225 	226 	32
225 	227 	33
225 	228 	92
225 	229 	16
225 	230 	61
226 	221 	45
226 	222 	61
226 	223 	22
226 	224 	22
226 	225 	32
226 	227 	5
226 	228 	92
226 	229 	16
226 	230 	29
227 	221 	50
227 	222 	66
227 	223 	23
227 	224 	17
227 	225 	33
227 	226 	5
227 	228 	97
227 	229 	21
227 	230 	34
228 	221 	47
228 	222 	31
228 	223 	82
228 	224 	88
228 	225 	92
228 	226 	92
228 	227 	97
228 	229 	76
228 	230 	121
229 	221 	29
229 	222 	45
229 	223 	6
229 	224 	12
229 	225 	16
229 	226 	16
229 	227 	21
229 	228 	76
229 	230 	45
230 	221 	74
230 	222 	90
230 	223 	51
230 	224 	51
230 	225 	61
230 	226 	29
230 	227 	34
230 	228 	121
230 	229 	45
231 	232 	34
231 	233 	62
231 	234 	62
231 	235 	3
231 	236 	39
231 	237 	38
231 	238 	15
231 	239 	55
231 	240 	70
232 	231 	34
232 	233 	90
232 	234 	90
232 	235 	31
232 	236 	67
232 	237 	66
232 	238 	43
232 	239 	83
232 	240 	98
233 	231 	62
233 	232 	90
233 	234 	46
233 	235 	59
233 	236 	23
233 	237 	24
233 	238 	47
233 	239 	39
233 	240 	54
234 	231 	62
234 	232 	90
234 	233 	46
234 	235 	59
234 	236 	23
234 	237 	24
234 	238 	47
234 	239 	39
234 	240 	8
235 	231 	3
235 	232 	31
235 	233 	59
235 	234 	59
235 	236 	36
235 	237 	35
235 	238 	12
235 	239 	52
235 	240 	67
236 	231 	39
236 	232 	67
236 	233 	23
236 	234 	23
236 	235 	36
236 	237 	1
236 	238 	24
236 	239 	16
236 	240 	31
237 	231 	38
237 	232 	66
237 	233 	24
237 	234 	24
237 	235 	35
237 	236 	1
237 	238 	23
237 	239 	17
237 	240 	32
238 	231 	15
238 	232 	43
238 	233 	47
238 	234 	47
238 	235 	12
238 	236 	24
238 	237 	23
238 	239 	40
238 	240 	55
239 	231 	55
239 	232 	83
239 	233 	39
239 	234 	39
239 	235 	52
239 	236 	16
239 	237 	17
239 	238 	40
239 	240 	47
240 	231 	70
240 	232 	98
240 	233 	54
240 	234 	8
240 	235 	67
240 	236 	31
240 	237 	32
240 	238 	55
240 	239 	47
241 	242 	5
241 	244 	47
241 	246 	18
241 	247 	16
241 	248 	45
241 	249 	24
241 	250 	58
242 	241 	5
242 	244 	42
242 	246 	13
242 	247 	11
242 	248 	40
242 	249 	19
242 	250 	53
243 	245 	21
244 	241 	47
244 	242 	42
244 	246 	29
244 	247 	53
244 	248 	82
244 	249 	23
244 	250 	11
245 	243 	21
246 	241 	18
246 	242 	13
246 	244 	29
246 	247 	24
246 	248 	53
246 	249 	6
246 	250 	40
247 	241 	16
247 	242 	11
247 	244 	53
247 	246 	24
247 	248 	29
247 	249 	30
247 	250 	64
248 	241 	45
248 	242 	40
248 	244 	82
248 	246 	53
248 	247 	29
248 	249 	59
248 	250 	93
249 	241 	24
249 	242 	19
249 	244 	23
249 	246 	6
249 	247 	30
249 	248 	59
249 	250 	34
250 	241 	58
250 	242 	53
250 	244 	11
250 	246 	40
250 	247 	64
250 	248 	93
250 	249 	34
251 	252 	10
251 	253 	73
251 	254 	38
251 	255 	12
251 	256 	32
251 	257 	43
251 	258 	34
251 	259 	51
251 	260 	52
252 	251 	10
252 	253 	69
252 	254 	48
252 	255 	22
252 	256 	42
252 	257 	39
252 	258 	24
252 	259 	61
252 	260 	42
253 	251 	73
253 	252 	69
253 	254 	47
253 	255 	61
253 	256 	41
253 	257 	30
253 	258 	45
253 	259 	60
253 	260 	63
254 	251 	38
254 	252 	48
254 	253 	47
254 	255 	26
254 	256 	6
254 	257 	17
254 	258 	32
254 	259 	25
254 	260 	50
255 	251 	12
255 	252 	22
255 	253 	61
255 	254 	26
255 	256 	20
255 	257 	31
255 	258 	46
255 	259 	39
255 	260 	64
256 	251 	32
256 	252 	42
256 	253 	41
256 	254 	6
256 	255 	20
256 	257 	11
256 	258 	26
256 	259 	19
256 	260 	44
257 	251 	43
257 	252 	39
257 	253 	30
257 	254 	17
257 	255 	31
257 	256 	11
257 	258 	15
257 	259 	30
257 	260 	33
258 	251 	34
258 	252 	24
258 	253 	45
258 	254 	32
258 	255 	46
258 	256 	26
258 	257 	15
258 	259 	45
258 	260 	18
259 	251 	51
259 	252 	61
259 	253 	60
259 	254 	25
259 	255 	39
259 	256 	19
259 	257 	30
259 	258 	45
259 	260 	63
260 	251 	52
260 	252 	42
260 	253 	63
260 	254 	50
260 	255 	64
260 	256 	44
260 	257 	33
260 	258 	18
260 	259 	63
261 	262 	49
261 	263 	53
261 	264 	21
261 	265 	94
261 	266 	24
261 	267 	69
261 	268 	49
261 	269 	21
261 	270 	70
262 	261 	49
262 	263 	60
262 	264 	70
262 	265 	101
262 	266 	25
262 	267 	76
262 	268 	50
262 	269 	28
262 	270 	21
263 	261 	53
263 	262 	60
263 	264 	74
263 	265 	41
263 	266 	35
263 	267 	16
263 	268 	60
263 	269 	32
263 	270 	81
264 	261 	21
264 	262 	70
264 	263 	74
264 	265 	115
264 	266 	45
264 	267 	90
264 	268 	70
264 	269 	42
264 	270 	91
265 	261 	94
265 	262 	101
265 	263 	41
265 	264 	115
265 	266 	76
265 	267 	25
265 	268 	101
265 	269 	73
265 	270 	122
266 	261 	24
266 	262 	25
266 	263 	35
266 	264 	45
266 	265 	76
266 	267 	51
266 	268 	25
266 	269 	3
266 	270 	46
267 	261 	69
267 	262 	76
267 	263 	16
267 	264 	90
267 	265 	25
267 	266 	51
267 	268 	76
267 	269 	48
267 	270 	97
268 	261 	49
268 	262 	50
268 	263 	60
268 	264 	70
268 	265 	101
268 	266 	25
268 	267 	76
268 	269 	28
268 	270 	71
269 	261 	21
269 	262 	28
269 	263 	32
269 	264 	42
269 	265 	73
269 	266 	3
269 	267 	48
269 	268 	28
269 	270 	49
270 	261 	70
270 	262 	21
270 	263 	81
270 	264 	91
270 	265 	122
270 	266 	46
270 	267 	97
270 	268 	71
270 	269 	49
271 	272 	39
271 	273 	47
271 	274 	35
271 	275 	60
271 	276 	62
271 	277 	32
271 	278 	31
271 	279 	88
271 	280 	54
272 	271 	39
272 	273 	24
272 	274 	74
272 	275 	21
272 	276 	39
272 	277 	71
272 	278 	8
272 	279 	65
272 	280 	31
273 	271 	47
273 	272 	24
273 	274 	82
273 	275 	45
273 	276 	15
273 	277 	79
273 	278 	16
273 	279 	41
273 	280 	39
274 	271 	35
274 	272 	74
274 	273 	82
274 	275 	95
274 	276 	97
274 	277 	3
274 	278 	66
274 	279 	123
274 	280 	89
275 	271 	60
275 	272 	21
275 	273 	45
275 	274 	95
275 	276 	60
275 	277 	92
275 	278 	29
275 	279 	86
275 	280 	52
276 	271 	62
276 	272 	39
276 	273 	15
276 	274 	97
276 	275 	60
276 	277 	94
276 	278 	31
276 	279 	26
276 	280 	54
277 	271 	32
277 	272 	71
277 	273 	79
277 	274 	3
277 	275 	92
277 	276 	94
277 	278 	63
277 	279 	120
277 	280 	86
278 	271 	31
278 	272 	8
278 	273 	16
278 	274 	66
278 	275 	29
278 	276 	31
278 	277 	63
278 	279 	57
278 	280 	23
279 	271 	88
279 	272 	65
279 	273 	41
279 	274 	123
279 	275 	86
279 	276 	26
279 	277 	120
279 	278 	57
279 	280 	80
280 	271 	54
280 	272 	31
280 	273 	39
280 	274 	89
280 	275 	52
280 	276 	54
280 	277 	86
280 	278 	23
280 	279 	80
281 	282 	20
281 	285 	7
281 	286 	35
281 	287 	41
281 	289 	72
282 	281 	20
282 	285 	13
282 	286 	41
282 	287 	21
282 	289 	52
283 	284 	8
283 	288 	29
283 	290 	24
284 	283 	8
284 	288 	37
284 	290 	32
285 	281 	7
285 	282 	13
285 	286 	28
285 	287 	34
285 	289 	65
286 	281 	35
286 	282 	41
286 	285 	28
286 	287 	62
286 	289 	93
287 	281 	41
287 	282 	21
287 	285 	34
287 	286 	62
287 	289 	31
288 	283 	29
288 	284 	37
288 	290 	53
289 	281 	72
289 	282 	52
289 	285 	65
289 	286 	93
289 	287 	31
290 	283 	24
290 	284 	32
290 	288 	53
291 	292 	73
291 	293 	45
291 	294 	98
291 	295 	54
291 	296 	69
291 	297 	78
291 	298 	30
291 	299 	61
291 	300 	57
292 	291 	73
292 	293 	58
292 	294 	25
292 	295 	67
292 	296 	20
292 	297 	5
292 	298 	43
292 	299 	12
292 	300 	70
293 	291 	45
293 	292 	58
293 	294 	83
293 	295 	9
293 	296 	54
293 	297 	63
293 	298 	15
293 	299 	46
293 	300 	12
294 	291 	98
294 	292 	25
294 	293 	83
294 	295 	92
294 	296 	45
294 	297 	20
294 	298 	68
294 	299 	37
294 	300 	95
295 	291 	54
295 	292 	67
295 	293 	9
295 	294 	92
295 	296 	63
295 	297 	72
295 	298 	24
295 	299 	55
295 	300 	3
296 	291 	69
296 	292 	20
296 	293 	54
296 	294 	45
296 	295 	63
296 	297 	25
296 	298 	39
296 	299 	8
296 	300 	66
297 	291 	78
297 	292 	5
297 	293 	63
297 	294 	20
297 	295 	72
297 	296 	25
297 	298 	48
297 	299 	17
297 	300 	75
298 	291 	30
298 	292 	43
298 	293 	15
298 	294 	68
298 	295 	24
298 	296 	39
298 	297 	48
298 	299 	31
298 	300 	27
299 	291 	61
299 	292 	12
299 	293 	46
299 	294 	37
299 	295 	55
299 	296 	8
299 	297 	17
299 	298 	31
299 	300 	58
300 	291 	57
300 	292 	70
300 	293 	12
300 	294 	95
300 	295 	3
300 	296 	66
300 	297 	75
300 	298 	27
300 	299 	58
301 	302 	36
301 	303 	8
301 	304 	56
301 	305 	28
301 	306 	11
301 	307 	30
301 	308 	33
301 	309 	31
301 	310 	38
302 	301 	36
302 	303 	28
302 	304 	76
302 	305 	48
302 	306 	31
302 	307 	66
302 	308 	53
302 	309 	5
302 	310 	58
303 	301 	8
303 	302 	28
303 	304 	48
303 	305 	20
303 	306 	3
303 	307 	38
303 	308 	25
303 	309 	23
303 	310 	30
304 	301 	56
304 	302 	76
304 	303 	48
304 	305 	28
304 	306 	45
304 	307 	86
304 	308 	23
304 	309 	71
304 	310 	78
305 	301 	28
305 	302 	48
305 	303 	20
305 	304 	28
305 	306 	17
305 	307 	58
305 	308 	5
305 	309 	43
305 	310 	50
306 	301 	11
306 	302 	31
306 	303 	3
306 	304 	45
306 	305 	17
306 	307 	41
306 	308 	22
306 	309 	26
306 	310 	33
307 	301 	30
307 	302 	66
307 	303 	38
307 	304 	86
307 	305 	58
307 	306 	41
307 	308 	63
307 	309 	61
307 	310 	68
308 	301 	33
308 	302 	53
308 	303 	25
308 	304 	23
308 	305 	5
308 	306 	22
308 	307 	63
308 	309 	48
308 	310 	55
309 	301 	31
309 	302 	5
309 	303 	23
309 	304 	71
309 	305 	43
309 	306 	26
309 	307 	61
309 	308 	48
309 	310 	53
310 	301 	38
310 	302 	58
310 	303 	30
310 	304 	78
310 	305 	50
310 	306 	33
310 	307 	68
310 	308 	55
310 	309 	53
311 	312 	38
311 	313 	96
311 	314 	68
311 	315 	10
311 	316 	81
311 	317 	39
311 	319 	2
311 	320 	73
312 	311 	38
312 	313 	58
312 	314 	30
312 	315 	28
312 	316 	43
312 	317 	57
312 	319 	36
312 	320 	35
313 	311 	96
313 	312 	58
313 	314 	28
313 	315 	86
313 	316 	15
313 	317 	115
313 	319 	94
313 	320 	33
314 	311 	68
314 	312 	30
314 	313 	28
314 	315 	58
314 	316 	13
314 	317 	87
314 	319 	66
314 	320 	5
315 	311 	10
315 	312 	28
315 	313 	86
315 	314 	58
315 	316 	71
315 	317 	29
315 	319 	8
315 	320 	63
316 	311 	81
316 	312 	43
316 	313 	15
316 	314 	13
316 	315 	71
316 	317 	100
316 	319 	79
316 	320 	18
317 	311 	39
317 	312 	57
317 	313 	115
317 	314 	87
317 	315 	29
317 	316 	100
317 	319 	37
317 	320 	92
319 	311 	2
319 	312 	36
319 	313 	94
319 	314 	66
319 	315 	8
319 	316 	79
319 	317 	37
319 	320 	71
320 	311 	73
320 	312 	35
320 	313 	33
320 	314 	5
320 	315 	63
320 	316 	18
320 	317 	92
320 	319 	71
321 	322 	48
321 	323 	56
321 	325 	19
321 	326 	40
321 	327 	8
321 	328 	53
321 	329 	69
321 	330 	39
322 	321 	48
322 	323 	104
322 	325 	29
322 	326 	88
322 	327 	56
322 	328 	101
322 	329 	117
322 	330 	49
323 	321 	56
323 	322 	104
323 	325 	75
323 	326 	16
323 	327 	48
323 	328 	29
323 	329 	45
323 	330 	95
325 	321 	19
325 	322 	29
325 	323 	75
325 	326 	59
325 	327 	27
325 	328 	72
325 	329 	88
325 	330 	20
326 	321 	40
326 	322 	88
326 	323 	16
326 	325 	59
326 	327 	32
326 	328 	13
326 	329 	29
326 	330 	79
327 	321 	8
327 	322 	56
327 	323 	48
327 	325 	27
327 	326 	32
327 	328 	45
327 	329 	61
327 	330 	47
328 	321 	53
328 	322 	101
328 	323 	29
328 	325 	72
328 	326 	13
328 	327 	45
328 	329 	16
328 	330 	92
329 	321 	69
329 	322 	117
329 	323 	45
329 	325 	88
329 	326 	29
329 	327 	61
329 	328 	16
329 	330 	108
330 	321 	39
330 	322 	49
330 	323 	95
330 	325 	20
330 	326 	79
330 	327 	47
330 	328 	92
330 	329 	108
331 	332 	33
331 	335 	43
331 	337 	17
331 	339 	31
332 	331 	33
332 	335 	10
332 	337 	16
332 	339 	2
333 	334 	5
333 	336 	35
333 	338 	23
333 	340 	11
334 	333 	5
334 	336 	30
334 	338 	18
334 	340 	6
335 	331 	43
335 	332 	10
335 	337 	26
335 	339 	12
336 	333 	35
336 	334 	30
336 	338 	12
336 	340 	36
337 	331 	17
337 	332 	16
337 	335 	26
337 	339 	14
338 	333 	23
338 	334 	18
338 	336 	12
338 	340 	24
339 	331 	31
339 	332 	2
339 	335 	12
339 	337 	14
340 	333 	11
340 	334 	6
340 	336 	36
340 	338 	24
341 	342 	19
341 	343 	61
341 	344 	89
341 	345 	22
341 	346 	86
341 	347 	15
341 	348 	116
341 	349 	29
341 	350 	126
342 	341 	19
342 	343 	42
342 	344 	70
342 	345 	41
342 	346 	67
342 	347 	9
342 	348 	97
342 	349 	10
342 	350 	107
343 	341 	61
343 	342 	42
343 	344 	28
343 	345 	83
343 	346 	25
343 	347 	51
343 	348 	55
343 	349 	32
343 	350 	65
344 	341 	89
344 	342 	70
344 	343 	28
344 	345 	111
344 	346 	3
344 	347 	79
344 	348 	33
344 	349 	60
344 	350 	43
345 	341 	22
345 	342 	41
345 	343 	83
345 	344 	111
345 	346 	108
345 	347 	37
345 	348 	138
345 	349 	51
345 	350 	148
346 	341 	86
346 	342 	67
346 	343 	25
346 	344 	3
346 	345 	108
346 	347 	76
346 	348 	30
346 	349 	57
346 	350 	40
347 	341 	15
347 	342 	9
347 	343 	51
347 	344 	79
347 	345 	37
347 	346 	76
347 	348 	106
347 	349 	19
347 	350 	116
348 	341 	116
348 	342 	97
348 	343 	55
348 	344 	33
348 	345 	138
348 	346 	30
348 	347 	106
348 	349 	87
348 	350 	10
349 	341 	29
349 	342 	10
349 	343 	32
349 	344 	60
349 	345 	51
349 	346 	57
349 	347 	19
349 	348 	87
349 	350 	97
350 	341 	126
350 	342 	107
350 	343 	65
350 	344 	43
350 	345 	148
350 	346 	40
350 	347 	116
350 	348 	10
350 	349 	97
351 	352 	45
351 	354 	23
351 	355 	1
351 	356 	27
351 	358 	12
351 	359 	51
351 	360 	27
352 	351 	45
352 	354 	44
352 	355 	46
352 	356 	18
352 	358 	33
352 	359 	6
352 	360 	72
353 	357 	18
354 	351 	23
354 	352 	44
354 	355 	24
354 	356 	26
354 	358 	11
354 	359 	50
354 	360 	50
355 	351 	1
355 	352 	46
355 	354 	24
355 	356 	28
355 	358 	13
355 	359 	52
355 	360 	28
356 	351 	27
356 	352 	18
356 	354 	26
356 	355 	28
356 	358 	15
356 	359 	24
356 	360 	54
357 	353 	18
358 	351 	12
358 	352 	33
358 	354 	11
358 	355 	13
358 	356 	15
358 	359 	39
358 	360 	39
359 	351 	51
359 	352 	6
359 	354 	50
359 	355 	52
359 	356 	24
359 	358 	39
359 	360 	78
360 	351 	27
360 	352 	72
360 	354 	50
360 	355 	28
360 	356 	54
360 	358 	39
360 	359 	78
361 	362 	26
361 	366 	48
361 	370 	72
362 	361 	26
362 	366 	22
362 	370 	46
363 	364 	11
363 	365 	40
363 	369 	55
364 	363 	11
364 	365 	29
364 	369 	44
365 	363 	40
365 	364 	29
365 	369 	15
366 	361 	48
366 	362 	22
366 	370 	24
367 	368 	6
368 	367 	6
369 	363 	55
369 	364 	44
369 	365 	15
370 	361 	72
370 	362 	46
370 	366 	24
371 	372 	39
371 	373 	59
371 	374 	103
371 	375 	113
371 	376 	83
371 	377 	50
371 	378 	30
371 	379 	15
371 	380 	126
372 	371 	39
372 	373 	20
372 	374 	64
372 	375 	74
372 	376 	44
372 	377 	11
372 	378 	69
372 	379 	24
372 	380 	87
373 	371 	59
373 	372 	20
373 	374 	44
373 	375 	54
373 	376 	24
373 	377 	31
373 	378 	89
373 	379 	44
373 	380 	67
374 	371 	103
374 	372 	64
374 	373 	44
374 	375 	10
374 	376 	20
374 	377 	75
374 	378 	133
374 	379 	88
374 	380 	23
375 	371 	113
375 	372 	74
375 	373 	54
375 	374 	10
375 	376 	30
375 	377 	85
375 	378 	143
375 	379 	98
375 	380 	33
376 	371 	83
376 	372 	44
376 	373 	24
376 	374 	20
376 	375 	30
376 	377 	55
376 	378 	113
376 	379 	68
376 	380 	43
377 	371 	50
377 	372 	11
377 	373 	31
377 	374 	75
377 	375 	85
377 	376 	55
377 	378 	80
377 	379 	35
377 	380 	98
378 	371 	30
378 	372 	69
378 	373 	89
378 	374 	133
378 	375 	143
378 	376 	113
378 	377 	80
378 	379 	45
378 	380 	156
379 	371 	15
379 	372 	24
379 	373 	44
379 	374 	88
379 	375 	98
379 	376 	68
379 	377 	35
379 	378 	45
379 	380 	111
380 	371 	126
380 	372 	87
380 	373 	67
380 	374 	23
380 	375 	33
380 	376 	43
380 	377 	98
380 	378 	156
380 	379 	111
381 	386 	19
382 	383 	23
382 	384 	30
382 	385 	39
382 	387 	33
382 	388 	14
382 	389 	28
382 	390 	38
383 	382 	23
383 	384 	7
383 	385 	16
383 	387 	56
383 	388 	37
383 	389 	5
383 	390 	61
384 	382 	30
384 	383 	7
384 	385 	23
384 	387 	63
384 	388 	44
384 	389 	12
384 	390 	68
385 	382 	39
385 	383 	16
385 	384 	23
385 	387 	72
385 	388 	53
385 	389 	21
385 	390 	77
386 	381 	19
387 	382 	33
387 	383 	56
387 	384 	63
387 	385 	72
387 	388 	19
387 	389 	61
387 	390 	43
388 	382 	14
388 	383 	37
388 	384 	44
388 	385 	53
388 	387 	19
388 	389 	42
388 	390 	24
389 	382 	28
389 	383 	5
389 	384 	12
389 	385 	21
389 	387 	61
389 	388 	42
389 	390 	66
390 	382 	38
390 	383 	61
390 	384 	68
390 	385 	77
390 	387 	43
390 	388 	24
390 	389 	66
391 	393 	22
391 	397 	25
391 	399 	7
391 	400 	38
392 	394 	51
392 	395 	76
392 	396 	26
392 	398 	23
393 	391 	22
393 	397 	3
393 	399 	15
393 	400 	16
394 	392 	51
394 	395 	25
394 	396 	25
394 	398 	28
395 	392 	76
395 	394 	25
395 	396 	50
395 	398 	53
396 	392 	26
396 	394 	25
396 	395 	50
396 	398 	3
397 	391 	25
397 	393 	3
397 	399 	18
397 	400 	19
398 	392 	23
398 	394 	28
398 	395 	53
398 	396 	3
399 	391 	7
399 	393 	15
399 	397 	18
399 	400 	31
400 	391 	38
400 	393 	16
400 	397 	19
400 	399 	31
401 	403 	27
401 	404 	26
401 	405 	20
401 	406 	36
401 	407 	31
401 	408 	34
401 	410 	34
402 	409 	2
403 	401 	27
403 	404 	53
403 	405 	47
403 	406 	63
403 	407 	58
403 	408 	7
403 	410 	7
404 	401 	26
404 	403 	53
404 	405 	46
404 	406 	10
404 	407 	57
404 	408 	60
404 	410 	60
405 	401 	20
405 	403 	47
405 	404 	46
405 	406 	56
405 	407 	51
405 	408 	54
405 	410 	54
406 	401 	36
406 	403 	63
406 	404 	10
406 	405 	56
406 	407 	67
406 	408 	70
406 	410 	70
407 	401 	31
407 	403 	58
407 	404 	57
407 	405 	51
407 	406 	67
407 	408 	65
407 	410 	65
408 	401 	34
408 	403 	7
408 	404 	60
408 	405 	54
408 	406 	70
408 	407 	65
408 	410 	14
409 	402 	2
410 	401 	34
410 	403 	7
410 	404 	60
410 	405 	54
410 	406 	70
410 	407 	65
410 	408 	14
411 	412 	11
411 	413 	34
411 	414 	16
411 	415 	21
411 	416 	8
411 	417 	39
411 	418 	30
411 	419 	28
411 	420 	46
412 	411 	11
412 	413 	45
412 	414 	27
412 	415 	32
412 	416 	19
412 	417 	50
412 	418 	41
412 	419 	39
412 	420 	57
413 	411 	34
413 	412 	45
413 	414 	18
413 	415 	55
413 	416 	42
413 	417 	41
413 	418 	8
413 	419 	6
413 	420 	48
414 	411 	16
414 	412 	27
414 	413 	18
414 	415 	37
414 	416 	24
414 	417 	23
414 	418 	14
414 	419 	12
414 	420 	30
415 	411 	21
415 	412 	32
415 	413 	55
415 	414 	37
415 	416 	29
415 	417 	60
415 	418 	51
415 	419 	49
415 	420 	67
416 	411 	8
416 	412 	19
416 	413 	42
416 	414 	24
416 	415 	29
416 	417 	47
416 	418 	38
416 	419 	36
416 	420 	54
417 	411 	39
417 	412 	50
417 	413 	41
417 	414 	23
417 	415 	60
417 	416 	47
417 	418 	37
417 	419 	35
417 	420 	53
418 	411 	30
418 	412 	41
418 	413 	8
418 	414 	14
418 	415 	51
418 	416 	38
418 	417 	37
418 	419 	2
418 	420 	44
419 	411 	28
419 	412 	39
419 	413 	6
419 	414 	12
419 	415 	49
419 	416 	36
419 	417 	35
419 	418 	2
419 	420 	42
420 	411 	46
420 	412 	57
420 	413 	48
420 	414 	30
420 	415 	67
420 	416 	54
420 	417 	53
420 	418 	44
420 	419 	42
421 	422 	4
421 	423 	43
421 	424 	27
421 	425 	33
421 	426 	46
421 	427 	42
421 	428 	1
421 	429 	12
421 	430 	30
422 	421 	4
422 	423 	47
422 	424 	29
422 	425 	37
422 	426 	48
422 	427 	46
422 	428 	3
422 	429 	16
422 	430 	34
423 	421 	43
423 	422 	47
423 	424 	70
423 	425 	10
423 	426 	89
423 	427 	1
423 	428 	44
423 	429 	31
423 	430 	49
424 	421 	27
424 	422 	29
424 	423 	70
424 	425 	60
424 	426 	19
424 	427 	69
424 	428 	26
424 	429 	39
424 	430 	57
425 	421 	33
425 	422 	37
425 	423 	10
425 	424 	60
425 	426 	79
425 	427 	9
425 	428 	34
425 	429 	21
425 	430 	39
426 	421 	46
426 	422 	48
426 	423 	89
426 	424 	19
426 	425 	79
426 	427 	88
426 	428 	45
426 	429 	58
426 	430 	76
427 	421 	42
427 	422 	46
427 	423 	1
427 	424 	69
427 	425 	9
427 	426 	88
427 	428 	43
427 	429 	30
427 	430 	48
428 	421 	1
428 	422 	3
428 	423 	44
428 	424 	26
428 	425 	34
428 	426 	45
428 	427 	43
428 	429 	13
428 	430 	31
429 	421 	12
429 	422 	16
429 	423 	31
429 	424 	39
429 	425 	21
429 	426 	58
429 	427 	30
429 	428 	13
429 	430 	18
430 	421 	30
430 	422 	34
430 	423 	49
430 	424 	57
430 	425 	39
430 	426 	76
430 	427 	48
430 	428 	31
430 	429 	18
431 	432 	19
431 	433 	4
431 	434 	1
431 	435 	22
431 	436 	12
431 	437 	6
431 	438 	16
431 	439 	1
431 	440 	10
432 	431 	19
432 	433 	15
432 	434 	18
432 	435 	39
432 	436 	23
432 	437 	23
432 	438 	35
432 	439 	20
432 	440 	29
433 	431 	4
433 	432 	15
433 	434 	3
433 	435 	24
433 	436 	8
433 	437 	8
433 	438 	20
433 	439 	5
433 	440 	14
434 	431 	1
434 	432 	18
434 	433 	3
434 	435 	21
434 	436 	11
434 	437 	5
434 	438 	17
434 	439 	2
434 	440 	11
435 	431 	22
435 	432 	39
435 	433 	24
435 	434 	21
435 	436 	32
435 	437 	16
435 	438 	38
435 	439 	23
435 	440 	32
436 	431 	12
436 	432 	23
436 	433 	8
436 	434 	11
436 	435 	32
436 	437 	16
436 	438 	28
436 	439 	13
436 	440 	22
437 	431 	6
437 	432 	23
437 	433 	8
437 	434 	5
437 	435 	16
437 	436 	16
437 	438 	22
437 	439 	7
437 	440 	16
438 	431 	16
438 	432 	35
438 	433 	20
438 	434 	17
438 	435 	38
438 	436 	28
438 	437 	22
438 	439 	15
438 	440 	24
439 	431 	1
439 	432 	20
439 	433 	5
439 	434 	2
439 	435 	23
439 	436 	13
439 	437 	7
439 	438 	15
439 	440 	9
440 	431 	10
440 	432 	29
440 	433 	14
440 	434 	11
440 	435 	32
440 	436 	22
440 	437 	16
440 	438 	24
440 	439 	9
441 	442 	59
441 	443 	13
441 	444 	42
441 	445 	18
441 	446 	10
441 	447 	25
441 	448 	72
441 	449 	9
441 	450 	11
442 	441 	59
442 	443 	52
442 	444 	17
442 	445 	57
442 	446 	49
442 	447 	84
442 	448 	13
442 	449 	68
442 	450 	50
443 	441 	13
443 	442 	52
443 	444 	35
443 	445 	5
443 	446 	3
443 	447 	38
443 	448 	65
443 	449 	22
443 	450 	4
444 	441 	42
444 	442 	17
444 	443 	35
444 	445 	40
444 	446 	32
444 	447 	67
444 	448 	30
444 	449 	51
444 	450 	33
445 	441 	18
445 	442 	57
445 	443 	5
445 	444 	40
445 	446 	8
445 	447 	43
445 	448 	70
445 	449 	27
445 	450 	9
446 	441 	10
446 	442 	49
446 	443 	3
446 	444 	32
446 	445 	8
446 	447 	35
446 	448 	62
446 	449 	19
446 	450 	1
447 	441 	25
447 	442 	84
447 	443 	38
447 	444 	67
447 	445 	43
447 	446 	35
447 	448 	97
447 	449 	34
447 	450 	36
448 	441 	72
448 	442 	13
448 	443 	65
448 	444 	30
448 	445 	70
448 	446 	62
448 	447 	97
448 	449 	81
448 	450 	63
449 	441 	9
449 	442 	68
449 	443 	22
449 	444 	51
449 	445 	27
449 	446 	19
449 	447 	34
449 	448 	81
449 	450 	20
450 	441 	11
450 	442 	50
450 	443 	4
450 	444 	33
450 	445 	9
450 	446 	1
450 	447 	36
450 	448 	63
450 	449 	20
451 	452 	12
451 	453 	12
451 	454 	72
451 	455 	41
451 	456 	40
451 	457 	15
451 	458 	10
451 	459 	37
451 	460 	35
452 	451 	12
452 	453 	24
452 	454 	84
452 	455 	53
452 	456 	52
452 	457 	27
452 	458 	22
452 	459 	25
452 	460 	47
453 	451 	12
453 	452 	24
453 	454 	64
453 	455 	33
453 	456 	32
453 	457 	7
453 	458 	2
453 	459 	49
453 	460 	27
454 	451 	72
454 	452 	84
454 	453 	64
454 	455 	93
454 	456 	32
454 	457 	67
454 	458 	62
454 	459 	109
454 	460 	87
455 	451 	41
455 	452 	53
455 	453 	33
455 	454 	93
455 	456 	61
455 	457 	26
455 	458 	31
455 	459 	78
455 	460 	46
456 	451 	40
456 	452 	52
456 	453 	32
456 	454 	32
456 	455 	61
456 	457 	35
456 	458 	30
456 	459 	77
456 	460 	55
457 	451 	15
457 	452 	27
457 	453 	7
457 	454 	67
457 	455 	26
457 	456 	35
457 	458 	5
457 	459 	52
457 	460 	20
458 	451 	10
458 	452 	22
458 	453 	2
458 	454 	62
458 	455 	31
458 	456 	30
458 	457 	5
458 	459 	47
458 	460 	25
459 	451 	37
459 	452 	25
459 	453 	49
459 	454 	109
459 	455 	78
459 	456 	77
459 	457 	52
459 	458 	47
459 	460 	72
460 	451 	35
460 	452 	47
460 	453 	27
460 	454 	87
460 	455 	46
460 	456 	55
460 	457 	20
460 	458 	25
460 	459 	72
461 	462 	39
461 	463 	26
461 	464 	34
461 	465 	28
461 	466 	27
461 	467 	12
461 	468 	30
461 	470 	24
462 	461 	39
462 	463 	65
462 	464 	49
462 	465 	43
462 	466 	42
462 	467 	27
462 	468 	45
462 	470 	63
463 	461 	26
463 	462 	65
463 	464 	60
463 	465 	54
463 	466 	53
463 	467 	38
463 	468 	56
463 	470 	50
464 	461 	34
464 	462 	49
464 	463 	60
464 	465 	6
464 	466 	7
464 	467 	22
464 	468 	4
464 	470 	58
465 	461 	28
465 	462 	43
465 	463 	54
465 	464 	6
465 	466 	1
465 	467 	16
465 	468 	2
465 	470 	52
466 	461 	27
466 	462 	42
466 	463 	53
466 	464 	7
466 	465 	1
466 	467 	15
466 	468 	3
466 	470 	51
467 	461 	12
467 	462 	27
467 	463 	38
467 	464 	22
467 	465 	16
467 	466 	15
467 	468 	18
467 	470 	36
468 	461 	30
468 	462 	45
468 	463 	56
468 	464 	4
468 	465 	2
468 	466 	3
468 	467 	18
468 	470 	54
470 	461 	24
470 	462 	63
470 	463 	50
470 	464 	58
470 	465 	52
470 	466 	51
470 	467 	36
470 	468 	54
471 	472 	70
471 	473 	21
471 	474 	57
471 	475 	22
471 	476 	53
471 	477 	73
471 	478 	77
471 	479 	40
471 	480 	74
472 	471 	70
472 	473 	49
472 	474 	47
472 	475 	50
472 	476 	43
472 	477 	63
472 	478 	67
472 	479 	30
472 	480 	4
473 	471 	21
473 	472 	49
473 	474 	36
473 	475 	1
473 	476 	32
473 	477 	52
473 	478 	56
473 	479 	19
473 	480 	53
474 	471 	57
474 	472 	47
474 	473 	36
474 	475 	37
474 	476 	4
474 	477 	16
474 	478 	20
474 	479 	17
474 	480 	51
475 	471 	22
475 	472 	50
475 	473 	1
475 	474 	37
475 	476 	33
475 	477 	53
475 	478 	57
475 	479 	20
475 	480 	54
476 	471 	53
476 	472 	43
476 	473 	32
476 	474 	4
476 	475 	33
476 	477 	20
476 	478 	24
476 	479 	13
476 	480 	47
477 	471 	73
477 	472 	63
477 	473 	52
477 	474 	16
477 	475 	53
477 	476 	20
477 	478 	4
477 	479 	33
477 	480 	67
478 	471 	77
478 	472 	67
478 	473 	56
478 	474 	20
478 	475 	57
478 	476 	24
478 	477 	4
478 	479 	37
478 	480 	71
479 	471 	40
479 	472 	30
479 	473 	19
479 	474 	17
479 	475 	20
479 	476 	13
479 	477 	33
479 	478 	37
479 	480 	34
480 	471 	74
480 	472 	4
480 	473 	53
480 	474 	51
480 	475 	54
480 	476 	47
480 	477 	67
480 	478 	71
480 	479 	34
481 	482 	38
481 	483 	3
481 	484 	29
481 	485 	41
481 	486 	54
481 	487 	27
481 	489 	21
481 	490 	31
482 	481 	38
482 	483 	35
482 	484 	67
482 	485 	5
482 	486 	92
482 	487 	65
482 	489 	17
482 	490 	27
483 	481 	3
483 	482 	35
483 	484 	32
483 	485 	38
483 	486 	57
483 	487 	30
483 	489 	18
483 	490 	28
484 	481 	29
484 	482 	67
484 	483 	32
484 	485 	70
484 	486 	25
484 	487 	56
484 	489 	50
484 	490 	60
485 	481 	41
485 	482 	5
485 	483 	38
485 	484 	70
485 	486 	95
485 	487 	68
485 	489 	20
485 	490 	30
486 	481 	54
486 	482 	92
486 	483 	57
486 	484 	25
486 	485 	95
486 	487 	81
486 	489 	75
486 	490 	85
487 	481 	27
487 	482 	65
487 	483 	30
487 	484 	56
487 	485 	68
487 	486 	81
487 	489 	48
487 	490 	58
489 	481 	21
489 	482 	17
489 	483 	18
489 	484 	50
489 	485 	20
489 	486 	75
489 	487 	48
489 	490 	10
490 	481 	31
490 	482 	27
490 	483 	28
490 	484 	60
490 	485 	30
490 	486 	85
490 	487 	58
490 	489 	10
491 	492 	29
491 	493 	50
491 	494 	45
491 	495 	24
491 	496 	19
491 	497 	2
491 	498 	31
491 	499 	61
491 	500 	65
492 	491 	29
492 	493 	21
492 	494 	16
492 	495 	38
492 	496 	44
492 	497 	27
492 	498 	2
492 	499 	32
492 	500 	36
493 	491 	50
493 	492 	21
493 	494 	37
493 	495 	59
493 	496 	65
493 	497 	48
493 	498 	23
493 	499 	11
493 	500 	15
494 	491 	45
494 	492 	16
494 	493 	37
494 	495 	22
494 	496 	60
494 	497 	43
494 	498 	14
494 	499 	48
494 	500 	52
495 	491 	24
495 	492 	38
495 	493 	59
495 	494 	22
495 	496 	43
495 	497 	26
495 	498 	36
495 	499 	70
495 	500 	74
496 	491 	19
496 	492 	44
496 	493 	65
496 	494 	60
496 	495 	43
496 	497 	17
496 	498 	46
496 	499 	76
496 	500 	80
497 	491 	2
497 	492 	27
497 	493 	48
497 	494 	43
497 	495 	26
497 	496 	17
497 	498 	29
497 	499 	59
497 	500 	63
498 	491 	31
498 	492 	2
498 	493 	23
498 	494 	14
498 	495 	36
498 	496 	46
498 	497 	29
498 	499 	34
498 	500 	38
499 	491 	61
499 	492 	32
499 	493 	11
499 	494 	48
499 	495 	70
499 	496 	76
499 	497 	59
499 	498 	34
499 	500 	4
500 	491 	65
500 	492 	36
500 	493 	15
500 	494 	52
500 	495 	74
500 	496 	80
500 	497 	63
500 	498 	38
500 	499 	4
502 	503 	28
502 	504 	38
502 	505 	2
502 	507 	50
502 	508 	29
502 	509 	3
502 	510 	42
503 	502 	28
503 	504 	10
503 	505 	30
503 	507 	78
503 	508 	57
503 	509 	31
503 	510 	70
504 	502 	38
504 	503 	10
504 	505 	40
504 	507 	88
504 	508 	67
504 	509 	41
504 	510 	80
505 	502 	2
505 	503 	30
505 	504 	40
505 	507 	52
505 	508 	31
505 	509 	5
505 	510 	44
507 	502 	50
507 	503 	78
507 	504 	88
507 	505 	52
507 	508 	21
507 	509 	47
507 	510 	34
508 	502 	29
508 	503 	57
508 	504 	67
508 	505 	31
508 	507 	21
508 	509 	26
508 	510 	13
509 	502 	3
509 	503 	31
509 	504 	41
509 	505 	5
509 	507 	47
509 	508 	26
509 	510 	39
510 	502 	42
510 	503 	70
510 	504 	80
510 	505 	44
510 	507 	34
510 	508 	13
510 	509 	39
511 	512 	38
511 	513 	52
511 	514 	68
511 	515 	44
511 	516 	15
511 	517 	64
511 	518 	47
511 	519 	41
511 	520 	97
512 	511 	38
512 	513 	60
512 	514 	76
512 	515 	52
512 	516 	23
512 	517 	26
512 	518 	55
512 	519 	49
512 	520 	105
513 	511 	52
513 	512 	60
513 	514 	38
513 	515 	14
513 	516 	37
513 	517 	86
513 	518 	69
513 	519 	11
513 	520 	67
514 	511 	68
514 	512 	76
514 	513 	38
514 	515 	24
514 	516 	53
514 	517 	102
514 	518 	85
514 	519 	27
514 	520 	29
515 	511 	44
515 	512 	52
515 	513 	14
515 	514 	24
515 	516 	29
515 	517 	78
515 	518 	61
515 	519 	3
515 	520 	53
516 	511 	15
516 	512 	23
516 	513 	37
516 	514 	53
516 	515 	29
516 	517 	49
516 	518 	32
516 	519 	26
516 	520 	82
517 	511 	64
517 	512 	26
517 	513 	86
517 	514 	102
517 	515 	78
517 	516 	49
517 	518 	81
517 	519 	75
517 	520 	131
518 	511 	47
518 	512 	55
518 	513 	69
518 	514 	85
518 	515 	61
518 	516 	32
518 	517 	81
518 	519 	58
518 	520 	114
519 	511 	41
519 	512 	49
519 	513 	11
519 	514 	27
519 	515 	3
519 	516 	26
519 	517 	75
519 	518 	58
519 	520 	56
520 	511 	97
520 	512 	105
520 	513 	67
520 	514 	29
520 	515 	53
520 	516 	82
520 	517 	131
520 	518 	114
520 	519 	56
521 	528 	11
521 	529 	17
522 	523 	14
522 	524 	29
522 	525 	13
522 	526 	15
522 	527 	37
522 	530 	21
523 	522 	14
523 	524 	15
523 	525 	1
523 	526 	1
523 	527 	23
523 	530 	35
524 	522 	29
524 	523 	15
524 	525 	16
524 	526 	14
524 	527 	8
524 	530 	50
525 	522 	13
525 	523 	1
525 	524 	16
525 	526 	2
525 	527 	24
525 	530 	34
526 	522 	15
526 	523 	1
526 	524 	14
526 	525 	2
526 	527 	22
526 	530 	36
527 	522 	37
527 	523 	23
527 	524 	8
527 	525 	24
527 	526 	22
527 	530 	58
528 	521 	11
528 	529 	28
529 	521 	17
529 	528 	28
530 	522 	21
530 	523 	35
530 	524 	50
530 	525 	34
530 	526 	36
530 	527 	58
531 	532 	15
531 	533 	68
531 	534 	4
531 	535 	27
531 	536 	41
531 	537 	58
531 	538 	54
531 	539 	69
531 	540 	70
532 	531 	15
532 	533 	53
532 	534 	11
532 	535 	12
532 	536 	26
532 	537 	43
532 	538 	39
532 	539 	54
532 	540 	55
533 	531 	68
533 	532 	53
533 	534 	64
533 	535 	65
533 	536 	27
533 	537 	44
533 	538 	92
533 	539 	55
533 	540 	56
534 	531 	4
534 	532 	11
534 	533 	64
534 	535 	23
534 	536 	37
534 	537 	54
534 	538 	50
534 	539 	65
534 	540 	66
535 	531 	27
535 	532 	12
535 	533 	65
535 	534 	23
535 	536 	38
535 	537 	55
535 	538 	27
535 	539 	66
535 	540 	67
536 	531 	41
536 	532 	26
536 	533 	27
536 	534 	37
536 	535 	38
536 	537 	17
536 	538 	65
536 	539 	28
536 	540 	29
537 	531 	58
537 	532 	43
537 	533 	44
537 	534 	54
537 	535 	55
537 	536 	17
537 	538 	82
537 	539 	45
537 	540 	12
538 	531 	54
538 	532 	39
538 	533 	92
538 	534 	50
538 	535 	27
538 	536 	65
538 	537 	82
538 	539 	93
538 	540 	94
539 	531 	69
539 	532 	54
539 	533 	55
539 	534 	65
539 	535 	66
539 	536 	28
539 	537 	45
539 	538 	93
539 	540 	57
540 	531 	70
540 	532 	55
540 	533 	56
540 	534 	66
540 	535 	67
540 	536 	29
540 	537 	12
540 	538 	94
540 	539 	57
541 	542 	94
541 	543 	34
541 	544 	21
541 	545 	151
541 	546 	124
541 	547 	65
541 	548 	43
541 	549 	50
541 	550 	55
542 	541 	94
542 	543 	86
542 	544 	73
542 	545 	57
542 	546 	30
542 	547 	29
542 	548 	95
542 	549 	44
542 	550 	49
543 	541 	34
543 	542 	86
543 	544 	13
543 	545 	143
543 	546 	116
543 	547 	57
543 	548 	35
543 	549 	42
543 	550 	47
544 	541 	21
544 	542 	73
544 	543 	13
544 	545 	130
544 	546 	103
544 	547 	44
544 	548 	22
544 	549 	29
544 	550 	34
545 	541 	151
545 	542 	57
545 	543 	143
545 	544 	130
545 	546 	27
545 	547 	86
545 	548 	152
545 	549 	101
545 	550 	106
546 	541 	124
546 	542 	30
546 	543 	116
546 	544 	103
546 	545 	27
546 	547 	59
546 	548 	125
546 	549 	74
546 	550 	79
547 	541 	65
547 	542 	29
547 	543 	57
547 	544 	44
547 	545 	86
547 	546 	59
547 	548 	66
547 	549 	15
547 	550 	20
548 	541 	43
548 	542 	95
548 	543 	35
548 	544 	22
548 	545 	152
548 	546 	125
548 	547 	66
548 	549 	51
548 	550 	56
549 	541 	50
549 	542 	44
549 	543 	42
549 	544 	29
549 	545 	101
549 	546 	74
549 	547 	15
549 	548 	51
549 	550 	5
550 	541 	55
550 	542 	49
550 	543 	47
550 	544 	34
550 	545 	106
550 	546 	79
550 	547 	20
550 	548 	56
550 	549 	5
551 	552 	8
551 	553 	32
551 	555 	33
551 	556 	24
551 	557 	15
551 	558 	57
551 	559 	33
552 	551 	8
552 	553 	40
552 	555 	41
552 	556 	32
552 	557 	23
552 	558 	65
552 	559 	25
553 	551 	32
553 	552 	40
553 	555 	17
553 	556 	8
553 	557 	17
553 	558 	25
553 	559 	20
554 	560 	9
555 	551 	33
555 	552 	41
555 	553 	17
555 	556 	9
555 	557 	18
555 	558 	42
555 	559 	37
556 	551 	24
556 	552 	32
556 	553 	8
556 	555 	9
556 	557 	9
556 	558 	33
556 	559 	28
557 	551 	15
557 	552 	23
557 	553 	17
557 	555 	18
557 	556 	9
557 	558 	42
557 	559 	37
558 	551 	57
558 	552 	65
558 	553 	25
558 	555 	42
558 	556 	33
558 	557 	42
558 	559 	45
559 	551 	33
559 	552 	25
559 	553 	20
559 	555 	37
559 	556 	28
559 	557 	37
559 	558 	45
560 	554 	9
561 	562 	41
561 	563 	26
561 	564 	40
561 	565 	58
561 	566 	43
561 	567 	11
561 	568 	30
561 	569 	9
561 	570 	53
562 	561 	41
562 	563 	45
562 	564 	63
562 	565 	81
562 	566 	66
562 	567 	30
562 	568 	49
562 	569 	32
562 	570 	76
563 	561 	26
563 	562 	45
563 	564 	48
563 	565 	66
563 	566 	51
563 	567 	15
563 	568 	4
563 	569 	17
563 	570 	61
564 	561 	40
564 	562 	63
564 	563 	48
564 	565 	18
564 	566 	3
564 	567 	33
564 	568 	52
564 	569 	31
564 	570 	13
565 	561 	58
565 	562 	81
565 	563 	66
565 	564 	18
565 	566 	21
565 	567 	51
565 	568 	70
565 	569 	49
565 	570 	31
566 	561 	43
566 	562 	66
566 	563 	51
566 	564 	3
566 	565 	21
566 	567 	36
566 	568 	55
566 	569 	34
566 	570 	10
567 	561 	11
567 	562 	30
567 	563 	15
567 	564 	33
567 	565 	51
567 	566 	36
567 	568 	19
567 	569 	2
567 	570 	46
568 	561 	30
568 	562 	49
568 	563 	4
568 	564 	52
568 	565 	70
568 	566 	55
568 	567 	19
568 	569 	21
568 	570 	65
569 	561 	9
569 	562 	32
569 	563 	17
569 	564 	31
569 	565 	49
569 	566 	34
569 	567 	2
569 	568 	21
569 	570 	44
570 	561 	53
570 	562 	76
570 	563 	61
570 	564 	13
570 	565 	31
570 	566 	10
570 	567 	46
570 	568 	65
570 	569 	44
571 	572 	59
571 	573 	52
571 	574 	22
571 	575 	82
571 	576 	62
571 	577 	51
571 	578 	55
571 	579 	77
571 	580 	92
572 	571 	59
572 	573 	9
572 	574 	37
572 	575 	39
572 	576 	3
572 	577 	8
572 	578 	12
572 	579 	34
572 	580 	49
573 	571 	52
573 	572 	9
573 	574 	30
573 	575 	32
573 	576 	12
573 	577 	1
573 	578 	3
573 	579 	27
573 	580 	42
574 	571 	22
574 	572 	37
574 	573 	30
574 	575 	60
574 	576 	40
574 	577 	29
574 	578 	33
574 	579 	55
574 	580 	70
575 	571 	82
575 	572 	39
575 	573 	32
575 	574 	60
575 	576 	42
575 	577 	31
575 	578 	35
575 	579 	57
575 	580 	72
576 	571 	62
576 	572 	3
576 	573 	12
576 	574 	40
576 	575 	42
576 	577 	11
576 	578 	15
576 	579 	37
576 	580 	52
577 	571 	51
577 	572 	8
577 	573 	1
577 	574 	29
577 	575 	31
577 	576 	11
577 	578 	4
577 	579 	26
577 	580 	41
578 	571 	55
578 	572 	12
578 	573 	3
578 	574 	33
578 	575 	35
578 	576 	15
578 	577 	4
578 	579 	30
578 	580 	45
579 	571 	77
579 	572 	34
579 	573 	27
579 	574 	55
579 	575 	57
579 	576 	37
579 	577 	26
579 	578 	30
579 	580 	15
580 	571 	92
580 	572 	49
580 	573 	42
580 	574 	70
580 	575 	72
580 	576 	52
580 	577 	41
580 	578 	45
580 	579 	15
581 	582 	86
581 	583 	18
581 	584 	24
581 	585 	68
581 	586 	63
581 	587 	53
581 	588 	28
581 	589 	44
581 	590 	14
582 	581 	86
582 	583 	104
582 	584 	62
582 	585 	18
582 	586 	23
582 	587 	33
582 	588 	66
582 	589 	42
582 	590 	100
583 	581 	18
583 	582 	104
583 	584 	42
583 	585 	86
583 	586 	81
583 	587 	71
583 	588 	46
583 	589 	62
583 	590 	32
584 	581 	24
584 	582 	62
584 	583 	42
584 	585 	44
584 	586 	39
584 	587 	29
584 	588 	4
584 	589 	20
584 	590 	38
585 	581 	68
585 	582 	18
585 	583 	86
585 	584 	44
585 	586 	5
585 	587 	15
585 	588 	48
585 	589 	24
585 	590 	82
586 	581 	63
586 	582 	23
586 	583 	81
586 	584 	39
586 	585 	5
586 	587 	10
586 	588 	43
586 	589 	19
586 	590 	77
587 	581 	53
587 	582 	33
587 	583 	71
587 	584 	29
587 	585 	15
587 	586 	10
587 	588 	33
587 	589 	9
587 	590 	67
588 	581 	28
588 	582 	66
588 	583 	46
588 	584 	4
588 	585 	48
588 	586 	43
588 	587 	33
588 	589 	24
588 	590 	42
589 	581 	44
589 	582 	42
589 	583 	62
589 	584 	20
589 	585 	24
589 	586 	19
589 	587 	9
589 	588 	24
589 	590 	58
590 	581 	14
590 	582 	100
590 	583 	32
590 	584 	38
590 	585 	82
590 	586 	77
590 	587 	67
590 	588 	42
590 	589 	58
591 	592 	22
591 	593 	9
591 	595 	38
591 	596 	44
591 	597 	32
591 	599 	25
591 	600 	64
592 	591 	22
592 	593 	31
592 	595 	60
592 	596 	22
592 	597 	10
592 	599 	47
592 	600 	42
593 	591 	9
593 	592 	31
593 	595 	29
593 	596 	53
593 	597 	41
593 	599 	34
593 	600 	73
594 	598 	27
595 	591 	38
595 	592 	60
595 	593 	29
595 	596 	82
595 	597 	70
595 	599 	63
595 	600 	102
596 	591 	44
596 	592 	22
596 	593 	53
596 	595 	82
596 	597 	12
596 	599 	69
596 	600 	44
597 	591 	32
597 	592 	10
597 	593 	41
597 	595 	70
597 	596 	12
597 	599 	57
597 	600 	32
598 	594 	27
599 	591 	25
599 	592 	47
599 	593 	34
599 	595 	63
599 	596 	69
599 	597 	57
599 	600 	89
600 	591 	64
600 	592 	42
600 	593 	73
600 	595 	102
600 	596 	44
600 	597 	32
600 	599 	89
601 	603 	46
601 	607 	24
601 	609 	31
601 	610 	57
603 	601 	46
603 	607 	22
603 	609 	77
603 	610 	103
604 	605 	56
604 	606 	27
604 	608 	57
605 	604 	56
605 	606 	29
605 	608 	1
606 	604 	27
606 	605 	29
606 	608 	30
607 	601 	24
607 	603 	22
607 	609 	55
607 	610 	81
608 	604 	57
608 	605 	1
608 	606 	30
609 	601 	31
609 	603 	77
609 	607 	55
609 	610 	26
610 	601 	57
610 	603 	103
610 	607 	81
610 	609 	26
611 	612 	12
611 	613 	67
611 	614 	39
611 	615 	22
611 	616 	52
611 	617 	38
611 	618 	58
611 	619 	6
611 	620 	62
612 	611 	12
612 	613 	79
612 	614 	51
612 	615 	34
612 	616 	64
612 	617 	50
612 	618 	70
612 	619 	6
612 	620 	74
613 	611 	67
613 	612 	79
613 	614 	30
613 	615 	45
613 	616 	43
613 	617 	29
613 	618 	49
613 	619 	73
613 	620 	53
614 	611 	39
614 	612 	51
614 	613 	30
614 	615 	17
614 	616 	15
614 	617 	1
614 	618 	19
614 	619 	45
614 	620 	23
615 	611 	22
615 	612 	34
615 	613 	45
615 	614 	17
615 	616 	30
615 	617 	16
615 	618 	36
615 	619 	28
615 	620 	40
616 	611 	52
616 	612 	64
616 	613 	43
616 	614 	15
616 	615 	30
616 	617 	14
616 	618 	34
616 	619 	58
616 	620 	38
617 	611 	38
617 	612 	50
617 	613 	29
617 	614 	1
617 	615 	16
617 	616 	14
617 	618 	20
617 	619 	44
617 	620 	24
618 	611 	58
618 	612 	70
618 	613 	49
618 	614 	19
618 	615 	36
618 	616 	34
618 	617 	20
618 	619 	64
618 	620 	4
619 	611 	6
619 	612 	6
619 	613 	73
619 	614 	45
619 	615 	28
619 	616 	58
619 	617 	44
619 	618 	64
619 	620 	68
620 	611 	62
620 	612 	74
620 	613 	53
620 	614 	23
620 	615 	40
620 	616 	38
620 	617 	24
620 	618 	4
620 	619 	68
621 	622 	24
621 	624 	18
621 	625 	25
621 	627 	38
621 	628 	8
621 	629 	34
621 	630 	52
622 	621 	24
622 	624 	42
622 	625 	1
622 	627 	14
622 	628 	32
622 	629 	58
622 	630 	28
623 	626 	5
624 	621 	18
624 	622 	42
624 	625 	43
624 	627 	56
624 	628 	10
624 	629 	16
624 	630 	70
625 	621 	25
625 	622 	1
625 	624 	43
625 	627 	13
625 	628 	33
625 	629 	59
625 	630 	27
626 	623 	5
627 	621 	38
627 	622 	14
627 	624 	56
627 	625 	13
627 	628 	46
627 	629 	72
627 	630 	40
628 	621 	8
628 	622 	32
628 	624 	10
628 	625 	33
628 	627 	46
628 	629 	26
628 	630 	60
629 	621 	34
629 	622 	58
629 	624 	16
629 	625 	59
629 	627 	72
629 	628 	26
629 	630 	86
630 	621 	52
630 	622 	28
630 	624 	70
630 	625 	27
630 	627 	40
630 	628 	60
630 	629 	86
631 	632 	33
631 	635 	45
631 	636 	3
631 	637 	5
631 	638 	34
631 	639 	8
631 	640 	21
632 	631 	33
632 	635 	72
632 	636 	30
632 	637 	28
632 	638 	61
632 	639 	35
632 	640 	48
633 	634 	16
634 	633 	16
635 	631 	45
635 	632 	72
635 	636 	42
635 	637 	44
635 	638 	11
635 	639 	37
635 	640 	60
636 	631 	3
636 	632 	30
636 	635 	42
636 	637 	2
636 	638 	31
636 	639 	5
636 	640 	18
637 	631 	5
637 	632 	28
637 	635 	44
637 	636 	2
637 	638 	33
637 	639 	7
637 	640 	20
638 	631 	34
638 	632 	61
638 	635 	11
638 	636 	31
638 	637 	33
638 	639 	26
638 	640 	49
639 	631 	8
639 	632 	35
639 	635 	37
639 	636 	5
639 	637 	7
639 	638 	26
639 	640 	23
640 	631 	21
640 	632 	48
640 	635 	60
640 	636 	18
640 	637 	20
640 	638 	49
640 	639 	23
641 	645 	15
641 	648 	14
641 	649 	12
641 	650 	29
642 	643 	26
642 	644 	3
642 	647 	32
643 	642 	26
643 	644 	23
643 	647 	52
644 	642 	3
644 	643 	23
644 	647 	29
645 	641 	15
645 	648 	29
645 	649 	27
645 	650 	14
647 	642 	32
647 	643 	52
647 	644 	29
648 	641 	14
648 	645 	29
648 	649 	26
648 	650 	43
649 	641 	12
649 	645 	27
649 	648 	26
649 	650 	41
650 	641 	29
650 	645 	14
650 	648 	43
650 	649 	41
651 	652 	44
651 	653 	54
651 	654 	36
651 	655 	23
651 	656 	17
651 	657 	21
651 	658 	11
651 	659 	20
651 	660 	32
652 	651 	44
652 	653 	76
652 	654 	58
652 	655 	33
652 	656 	27
652 	657 	43
652 	658 	33
652 	659 	24
652 	660 	76
653 	651 	54
653 	652 	76
653 	654 	18
653 	655 	55
653 	656 	49
653 	657 	33
653 	658 	43
653 	659 	52
653 	660 	86
654 	651 	36
654 	652 	58
654 	653 	18
654 	655 	37
654 	656 	31
654 	657 	15
654 	658 	25
654 	659 	34
654 	660 	68
655 	651 	23
655 	652 	33
655 	653 	55
655 	654 	37
655 	656 	6
655 	657 	22
655 	658 	12
655 	659 	9
655 	660 	55
656 	651 	17
656 	652 	27
656 	653 	49
656 	654 	31
656 	655 	6
656 	657 	16
656 	658 	6
656 	659 	3
656 	660 	49
657 	651 	21
657 	652 	43
657 	653 	33
657 	654 	15
657 	655 	22
657 	656 	16
657 	658 	10
657 	659 	19
657 	660 	53
658 	651 	11
658 	652 	33
658 	653 	43
658 	654 	25
658 	655 	12
658 	656 	6
658 	657 	10
658 	659 	9
658 	660 	43
659 	651 	20
659 	652 	24
659 	653 	52
659 	654 	34
659 	655 	9
659 	656 	3
659 	657 	19
659 	658 	9
659 	660 	52
660 	651 	32
660 	652 	76
660 	653 	86
660 	654 	68
660 	655 	55
660 	656 	49
660 	657 	53
660 	658 	43
660 	659 	52
661 	662 	32
661 	663 	28
661 	664 	19
661 	665 	31
661 	666 	12
661 	668 	9
661 	669 	32
661 	670 	40
662 	661 	32
662 	663 	36
662 	664 	31
662 	665 	1
662 	666 	20
662 	668 	23
662 	669 	64
662 	670 	48
663 	661 	28
663 	662 	36
663 	664 	27
663 	665 	35
663 	666 	16
663 	668 	19
663 	669 	60
663 	670 	12
664 	661 	19
664 	662 	31
664 	663 	27
664 	665 	30
664 	666 	11
664 	668 	10
664 	669 	51
664 	670 	39
665 	661 	31
665 	662 	1
665 	663 	35
665 	664 	30
665 	666 	19
665 	668 	22
665 	669 	63
665 	670 	47
666 	661 	12
666 	662 	20
666 	663 	16
666 	664 	11
666 	665 	19
666 	668 	3
666 	669 	44
666 	670 	28
668 	661 	9
668 	662 	23
668 	663 	19
668 	664 	10
668 	665 	22
668 	666 	3
668 	669 	41
668 	670 	31
669 	661 	32
669 	662 	64
669 	663 	60
669 	664 	51
669 	665 	63
669 	666 	44
669 	668 	41
669 	670 	72
670 	661 	40
670 	662 	48
670 	663 	12
670 	664 	39
670 	665 	47
670 	666 	28
670 	668 	31
670 	669 	72
671 	674 	18
672 	673 	16
672 	675 	59
672 	676 	24
672 	677 	34
672 	678 	48
672 	680 	17
673 	672 	16
673 	675 	75
673 	676 	40
673 	677 	18
673 	678 	64
673 	680 	33
674 	671 	18
675 	672 	59
675 	673 	75
675 	676 	35
675 	677 	93
675 	678 	11
675 	680 	76
676 	672 	24
676 	673 	40
676 	675 	35
676 	677 	58
676 	678 	24
676 	680 	41
677 	672 	34
677 	673 	18
677 	675 	93
677 	676 	58
677 	678 	82
677 	680 	51
678 	672 	48
678 	673 	64
678 	675 	11
678 	676 	24
678 	677 	82
678 	680 	65
680 	672 	17
680 	673 	33
680 	675 	76
680 	676 	41
680 	677 	51
680 	678 	65
681 	682 	38
681 	683 	107
681 	684 	57
681 	685 	15
681 	686 	62
681 	687 	82
681 	688 	75
681 	689 	43
681 	690 	58
682 	681 	38
682 	683 	69
682 	684 	19
682 	685 	23
682 	686 	24
682 	687 	44
682 	688 	37
682 	689 	5
682 	690 	20
683 	681 	107
683 	682 	69
683 	684 	78
683 	685 	92
683 	686 	83
683 	687 	39
683 	688 	32
683 	689 	64
683 	690 	79
684 	681 	57
684 	682 	19
684 	683 	78
684 	685 	42
684 	686 	33
684 	687 	53
684 	688 	46
684 	689 	14
684 	690 	29
685 	681 	15
685 	682 	23
685 	683 	92
685 	684 	42
685 	686 	47
685 	687 	67
685 	688 	60
685 	689 	28
685 	690 	43
686 	681 	62
686 	682 	24
686 	683 	83
686 	684 	33
686 	685 	47
686 	687 	58
686 	688 	51
686 	689 	19
686 	690 	34
687 	681 	82
687 	682 	44
687 	683 	39
687 	684 	53
687 	685 	67
687 	686 	58
687 	688 	7
687 	689 	39
687 	690 	54
688 	681 	75
688 	682 	37
688 	683 	32
688 	684 	46
688 	685 	60
688 	686 	51
688 	687 	7
688 	689 	32
688 	690 	47
689 	681 	43
689 	682 	5
689 	683 	64
689 	684 	14
689 	685 	28
689 	686 	19
689 	687 	39
689 	688 	32
689 	690 	15
690 	681 	58
690 	682 	20
690 	683 	79
690 	684 	29
690 	685 	43
690 	686 	34
690 	687 	54
690 	688 	47
690 	689 	15
691 	692 	99
691 	693 	35
691 	694 	37
691 	695 	56
691 	696 	29
691 	697 	53
691 	698 	67
691 	699 	80
691 	700 	64
692 	691 	99
692 	693 	76
692 	694 	78
692 	695 	97
692 	696 	70
692 	697 	46
692 	698 	32
692 	699 	73
692 	700 	105
693 	691 	35
693 	692 	76
693 	694 	2
693 	695 	21
693 	696 	6
693 	697 	30
693 	698 	44
693 	699 	57
693 	700 	29
694 	691 	37
694 	692 	78
694 	693 	2
694 	695 	23
694 	696 	8
694 	697 	32
694 	698 	46
694 	699 	59
694 	700 	31
695 	691 	56
695 	692 	97
695 	693 	21
695 	694 	23
695 	696 	27
695 	697 	51
695 	698 	65
695 	699 	78
695 	700 	8
696 	691 	29
696 	692 	70
696 	693 	6
696 	694 	8
696 	695 	27
696 	697 	24
696 	698 	38
696 	699 	51
696 	700 	35
697 	691 	53
697 	692 	46
697 	693 	30
697 	694 	32
697 	695 	51
697 	696 	24
697 	698 	14
697 	699 	27
697 	700 	59
698 	691 	67
698 	692 	32
698 	693 	44
698 	694 	46
698 	695 	65
698 	696 	38
698 	697 	14
698 	699 	41
698 	700 	73
699 	691 	80
699 	692 	73
699 	693 	57
699 	694 	59
699 	695 	78
699 	696 	51
699 	697 	27
699 	698 	41
699 	700 	86
700 	691 	64
700 	692 	105
700 	693 	29
700 	694 	31
700 	695 	8
700 	696 	35
700 	697 	59
700 	698 	73
700 	699 	86
702 	703 	49
702 	704 	17
702 	705 	49
702 	707 	32
702 	708 	22
702 	709 	6
702 	710 	40
703 	702 	49
703 	704 	66
703 	705 	14
703 	707 	31
703 	708 	27
703 	709 	55
703 	710 	39
704 	702 	17
704 	703 	66
704 	705 	66
704 	707 	49
704 	708 	39
704 	709 	23
704 	710 	57
705 	702 	49
705 	703 	14
705 	704 	66
705 	707 	17
705 	708 	27
705 	709 	55
705 	710 	25
707 	702 	32
707 	703 	31
707 	704 	49
707 	705 	17
707 	708 	10
707 	709 	38
707 	710 	8
708 	702 	22
708 	703 	27
708 	704 	39
708 	705 	27
708 	707 	10
708 	709 	28
708 	710 	18
709 	702 	6
709 	703 	55
709 	704 	23
709 	705 	55
709 	707 	38
709 	708 	28
709 	710 	46
710 	702 	40
710 	703 	39
710 	704 	57
710 	705 	25
710 	707 	8
710 	708 	18
710 	709 	46
711 	712 	21
711 	713 	30
711 	714 	46
711 	715 	38
711 	716 	15
711 	717 	30
711 	718 	23
711 	719 	12
711 	720 	21
712 	711 	21
712 	713 	51
712 	714 	67
712 	715 	17
712 	716 	36
712 	717 	51
712 	718 	44
712 	719 	33
712 	720 	42
713 	711 	30
713 	712 	51
713 	714 	20
713 	715 	68
713 	716 	15
713 	717 	4
713 	718 	11
713 	719 	22
713 	720 	21
714 	711 	46
714 	712 	67
714 	713 	20
714 	715 	84
714 	716 	35
714 	717 	16
714 	718 	23
714 	719 	34
714 	720 	41
715 	711 	38
715 	712 	17
715 	713 	68
715 	714 	84
715 	716 	53
715 	717 	68
715 	718 	61
715 	719 	50
715 	720 	59
716 	711 	15
716 	712 	36
716 	713 	15
716 	714 	35
716 	715 	53
716 	717 	19
716 	718 	26
716 	719 	27
716 	720 	6
717 	711 	30
717 	712 	51
717 	713 	4
717 	714 	16
717 	715 	68
717 	716 	19
717 	718 	7
717 	719 	18
717 	720 	25
718 	711 	23
718 	712 	44
718 	713 	11
718 	714 	23
718 	715 	61
718 	716 	26
718 	717 	7
718 	719 	11
718 	720 	32
719 	711 	12
719 	712 	33
719 	713 	22
719 	714 	34
719 	715 	50
719 	716 	27
719 	717 	18
719 	718 	11
719 	720 	33
720 	711 	21
720 	712 	42
720 	713 	21
720 	714 	41
720 	715 	59
720 	716 	6
720 	717 	25
720 	718 	32
720 	719 	33
721 	722 	49
721 	723 	73
721 	724 	11
721 	725 	98
721 	726 	23
721 	727 	26
721 	728 	61
721 	729 	9
721 	730 	49
722 	721 	49
722 	723 	24
722 	724 	38
722 	725 	49
722 	726 	26
722 	727 	75
722 	728 	12
722 	729 	58
722 	730 	98
723 	721 	73
723 	722 	24
723 	724 	62
723 	725 	25
723 	726 	50
723 	727 	99
723 	728 	12
723 	729 	82
723 	730 	122
724 	721 	11
724 	722 	38
724 	723 	62
724 	725 	87
724 	726 	12
724 	727 	37
724 	728 	50
724 	729 	20
724 	730 	60
725 	721 	98
725 	722 	49
725 	723 	25
725 	724 	87
725 	726 	75
725 	727 	124
725 	728 	37
725 	729 	107
725 	730 	147
726 	721 	23
726 	722 	26
726 	723 	50
726 	724 	12
726 	725 	75
726 	727 	49
726 	728 	38
726 	729 	32
726 	730 	72
727 	721 	26
727 	722 	75
727 	723 	99
727 	724 	37
727 	725 	124
727 	726 	49
727 	728 	87
727 	729 	17
727 	730 	23
728 	721 	61
728 	722 	12
728 	723 	12
728 	724 	50
728 	725 	37
728 	726 	38
728 	727 	87
728 	729 	70
728 	730 	110
729 	721 	9
729 	722 	58
729 	723 	82
729 	724 	20
729 	725 	107
729 	726 	32
729 	727 	17
729 	728 	70
729 	730 	40
730 	721 	49
730 	722 	98
730 	723 	122
730 	724 	60
730 	725 	147
730 	726 	72
730 	727 	23
730 	728 	110
730 	729 	40
731 	732 	15
731 	733 	18
731 	739 	21
732 	731 	15
732 	733 	33
732 	739 	36
733 	731 	18
733 	732 	33
733 	739 	39
734 	735 	26
734 	736 	24
734 	737 	24
734 	738 	28
734 	740 	40
735 	734 	26
735 	736 	2
735 	737 	50
735 	738 	54
735 	740 	14
736 	734 	24
736 	735 	2
736 	737 	48
736 	738 	52
736 	740 	16
737 	734 	24
737 	735 	50
737 	736 	48
737 	738 	52
737 	740 	64
738 	734 	28
738 	735 	54
738 	736 	52
738 	737 	52
738 	740 	68
739 	731 	21
739 	732 	36
739 	733 	39
740 	734 	40
740 	735 	14
740 	736 	16
740 	737 	64
740 	738 	68
741 	747 	10
742 	744 	14
742 	745 	35
742 	748 	33
742 	750 	46
743 	746 	10
743 	749 	30
744 	742 	14
744 	745 	21
744 	748 	19
744 	750 	32
745 	742 	35
745 	744 	21
745 	748 	2
745 	750 	53
746 	743 	10
746 	749 	40
747 	741 	10
748 	742 	33
748 	744 	19
748 	745 	2
748 	750 	51
749 	743 	30
749 	746 	40
750 	742 	46
750 	744 	32
750 	745 	53
750 	748 	51
751 	752 	78
751 	753 	20
751 	754 	40
751 	755 	47
751 	756 	14
751 	757 	42
751 	758 	12
751 	759 	21
751 	760 	17
752 	751 	78
752 	753 	98
752 	754 	94
752 	755 	31
752 	756 	68
752 	757 	36
752 	758 	66
752 	759 	99
752 	760 	71
753 	751 	20
753 	752 	98
753 	754 	60
753 	755 	67
753 	756 	34
753 	757 	62
753 	758 	32
753 	759 	1
753 	760 	37
754 	751 	40
754 	752 	94
754 	753 	60
754 	755 	63
754 	756 	26
754 	757 	58
754 	758 	28
754 	759 	61
754 	760 	33
755 	751 	47
755 	752 	31
755 	753 	67
755 	754 	63
755 	756 	37
755 	757 	5
755 	758 	35
755 	759 	68
755 	760 	40
756 	751 	14
756 	752 	68
756 	753 	34
756 	754 	26
756 	755 	37
756 	757 	32
756 	758 	2
756 	759 	35
756 	760 	7
757 	751 	42
757 	752 	36
757 	753 	62
757 	754 	58
757 	755 	5
757 	756 	32
757 	758 	30
757 	759 	63
757 	760 	35
758 	751 	12
758 	752 	66
758 	753 	32
758 	754 	28
758 	755 	35
758 	756 	2
758 	757 	30
758 	759 	33
758 	760 	5
759 	751 	21
759 	752 	99
759 	753 	1
759 	754 	61
759 	755 	68
759 	756 	35
759 	757 	63
759 	758 	33
759 	760 	38
760 	751 	17
760 	752 	71
760 	753 	37
760 	754 	33
760 	755 	40
760 	756 	7
760 	757 	35
760 	758 	5
760 	759 	38
761 	762 	92
761 	764 	60
761 	766 	30
761 	767 	68
761 	769 	51
761 	770 	30
762 	761 	92
762 	764 	50
762 	766 	62
762 	767 	24
762 	769 	41
762 	770 	122
763 	765 	17
763 	768 	11
764 	761 	60
764 	762 	50
764 	766 	30
764 	767 	26
764 	769 	9
764 	770 	90
765 	763 	17
765 	768 	6
766 	761 	30
766 	762 	62
766 	764 	30
766 	767 	38
766 	769 	21
766 	770 	60
767 	761 	68
767 	762 	24
767 	764 	26
767 	766 	38
767 	769 	17
767 	770 	98
768 	763 	11
768 	765 	6
769 	761 	51
769 	762 	41
769 	764 	9
769 	766 	21
769 	767 	17
769 	770 	81
770 	761 	30
770 	762 	122
770 	764 	90
770 	766 	60
770 	767 	98
770 	769 	81
771 	772 	31
771 	773 	38
771 	774 	8
771 	775 	19
771 	778 	21
771 	779 	31
771 	780 	12
772 	771 	31
772 	773 	53
772 	774 	23
772 	775 	50
772 	778 	27
772 	779 	62
772 	780 	27
773 	771 	38
773 	772 	53
773 	774 	30
773 	775 	57
773 	778 	59
773 	779 	69
773 	780 	34
774 	771 	8
774 	772 	23
774 	773 	30
774 	775 	27
774 	778 	29
774 	779 	39
774 	780 	4
775 	771 	19
775 	772 	50
775 	773 	57
775 	774 	27
775 	778 	40
775 	779 	50
775 	780 	31
778 	771 	21
778 	772 	27
778 	773 	59
778 	774 	29
778 	775 	40
778 	779 	52
778 	780 	33
779 	771 	31
779 	772 	62
779 	773 	69
779 	774 	39
779 	775 	50
779 	778 	52
779 	780 	43
780 	771 	12
780 	772 	27
780 	773 	34
780 	774 	4
780 	775 	31
780 	778 	33
780 	779 	43
781 	785 	15
781 	787 	23
781 	790 	2
782 	783 	26
782 	784 	13
782 	786 	23
782 	788 	5
782 	789 	24
783 	782 	26
783 	784 	39
783 	786 	49
783 	788 	31
783 	789 	50
784 	782 	13
784 	783 	39
784 	786 	10
784 	788 	18
784 	789 	11
785 	781 	15
785 	787 	38
785 	790 	17
786 	782 	23
786 	783 	49
786 	784 	10
786 	788 	28
786 	789 	1
787 	781 	23
787 	785 	38
787 	790 	25
788 	782 	5
788 	783 	31
788 	784 	18
788 	786 	28
788 	789 	29
789 	782 	24
789 	783 	50
789 	784 	11
789 	786 	1
789 	788 	29
790 	781 	2
790 	785 	17
790 	787 	25
791 	792 	54
791 	793 	35
791 	794 	19
791 	795 	40
791 	796 	36
791 	797 	55
791 	799 	19
792 	791 	54
792 	793 	51
792 	794 	35
792 	795 	56
792 	796 	18
792 	797 	37
792 	799 	73
793 	791 	35
793 	792 	51
793 	794 	16
793 	795 	5
793 	796 	33
793 	797 	52
793 	799 	54
794 	791 	19
794 	792 	35
794 	793 	16
794 	795 	21
794 	796 	17
794 	797 	36
794 	799 	38
795 	791 	40
795 	792 	56
795 	793 	5
795 	794 	21
795 	796 	38
795 	797 	57
795 	799 	59
796 	791 	36
796 	792 	18
796 	793 	33
796 	794 	17
796 	795 	38
796 	797 	19
796 	799 	55
797 	791 	55
797 	792 	37
797 	793 	52
797 	794 	36
797 	795 	57
797 	796 	19
797 	799 	74
798 	800 	2
799 	791 	19
799 	792 	73
799 	793 	54
799 	794 	38
799 	795 	59
799 	796 	55
799 	797 	74
800 	798 	2
801 	802 	23
801 	806 	30
802 	801 	23
802 	806 	7
803 	805 	32
803 	807 	32
803 	810 	39
804 	809 	10
805 	803 	32
805 	807 	64
805 	810 	7
806 	801 	30
806 	802 	7
807 	803 	32
807 	805 	64
807 	810 	71
809 	804 	10
810 	803 	39
810 	805 	7
810 	807 	71
811 	812 	6
811 	815 	37
811 	816 	32
811 	820 	36
812 	811 	6
812 	815 	31
812 	816 	38
812 	820 	42
813 	814 	34
813 	817 	28
813 	818 	44
813 	819 	24
814 	813 	34
814 	817 	6
814 	818 	30
814 	819 	10
815 	811 	37
815 	812 	31
815 	816 	29
815 	820 	33
816 	811 	32
816 	812 	38
816 	815 	29
816 	820 	4
817 	813 	28
817 	814 	6
817 	818 	24
817 	819 	4
818 	813 	44
818 	814 	30
818 	817 	24
818 	819 	20
819 	813 	24
819 	814 	10
819 	817 	4
819 	818 	20
820 	811 	36
820 	812 	42
820 	815 	33
820 	816 	4
821 	822 	67
821 	823 	16
821 	824 	25
821 	825 	9
821 	826 	5
821 	827 	28
821 	828 	45
821 	829 	48
821 	830 	38
822 	821 	67
822 	823 	51
822 	824 	60
822 	825 	66
822 	826 	62
822 	827 	63
822 	828 	80
822 	829 	19
822 	830 	95
823 	821 	16
823 	822 	51
823 	824 	9
823 	825 	15
823 	826 	11
823 	827 	12
823 	828 	29
823 	829 	32
823 	830 	44
824 	821 	25
824 	822 	60
824 	823 	9
824 	825 	24
824 	826 	20
824 	827 	21
824 	828 	38
824 	829 	41
824 	830 	53
825 	821 	9
825 	822 	66
825 	823 	15
825 	824 	24
825 	826 	4
825 	827 	27
825 	828 	44
825 	829 	47
825 	830 	29
826 	821 	5
826 	822 	62
826 	823 	11
826 	824 	20
826 	825 	4
826 	827 	23
826 	828 	40
826 	829 	43
826 	830 	33
827 	821 	28
827 	822 	63
827 	823 	12
827 	824 	21
827 	825 	27
827 	826 	23
827 	828 	17
827 	829 	44
827 	830 	56
828 	821 	45
828 	822 	80
828 	823 	29
828 	824 	38
828 	825 	44
828 	826 	40
828 	827 	17
828 	829 	61
828 	830 	73
829 	821 	48
829 	822 	19
829 	823 	32
829 	824 	41
829 	825 	47
829 	826 	43
829 	827 	44
829 	828 	61
829 	830 	76
830 	821 	38
830 	822 	95
830 	823 	44
830 	824 	53
830 	825 	29
830 	826 	33
830 	827 	56
830 	828 	73
830 	829 	76
831 	835 	22
831 	836 	27
832 	839 	14
832 	840 	31
833 	834 	34
833 	837 	18
833 	838 	41
834 	833 	34
834 	837 	16
834 	838 	39
835 	831 	22
835 	836 	5
836 	831 	27
836 	835 	5
837 	833 	18
837 	834 	16
837 	838 	23
838 	833 	41
838 	834 	39
838 	837 	23
839 	832 	14
839 	840 	45
840 	832 	31
840 	839 	45
841 	843 	53
841 	845 	45
841 	846 	22
841 	847 	58
842 	844 	11
842 	848 	37
842 	849 	9
842 	850 	10
843 	841 	53
843 	845 	54
843 	846 	31
843 	847 	67
844 	842 	11
844 	848 	30
844 	849 	2
844 	850 	21
845 	841 	45
845 	843 	54
845 	846 	23
845 	847 	13
846 	841 	22
846 	843 	31
846 	845 	23
846 	847 	36
847 	841 	58
847 	843 	67
847 	845 	13
847 	846 	36
848 	842 	37
848 	844 	30
848 	849 	28
848 	850 	47
849 	842 	9
849 	844 	2
849 	848 	28
849 	850 	19
850 	842 	10
850 	844 	21
850 	848 	47
850 	849 	19
851 	853 	32
851 	854 	44
851 	855 	21
851 	856 	12
851 	857 	22
851 	858 	14
851 	859 	38
851 	860 	51
853 	851 	32
853 	854 	56
853 	855 	33
853 	856 	24
853 	857 	14
853 	858 	46
853 	859 	50
853 	860 	63
854 	851 	44
854 	853 	56
854 	855 	41
854 	856 	32
854 	857 	42
854 	858 	58
854 	859 	6
854 	860 	71
855 	851 	21
855 	853 	33
855 	854 	41
855 	856 	9
855 	857 	19
855 	858 	35
855 	859 	35
855 	860 	30
856 	851 	12
856 	853 	24
856 	854 	32
856 	855 	9
856 	857 	10
856 	858 	26
856 	859 	26
856 	860 	39
857 	851 	22
857 	853 	14
857 	854 	42
857 	855 	19
857 	856 	10
857 	858 	36
857 	859 	36
857 	860 	49
858 	851 	14
858 	853 	46
858 	854 	58
858 	855 	35
858 	856 	26
858 	857 	36
858 	859 	52
858 	860 	65
859 	851 	38
859 	853 	50
859 	854 	6
859 	855 	35
859 	856 	26
859 	857 	36
859 	858 	52
859 	860 	65
860 	851 	51
860 	853 	63
860 	854 	71
860 	855 	30
860 	856 	39
860 	857 	49
860 	858 	65
860 	859 	65
861 	862 	8
861 	864 	10
861 	865 	11
861 	866 	13
861 	867 	32
861 	868 	35
862 	861 	8
862 	864 	2
862 	865 	19
862 	866 	21
862 	867 	24
862 	868 	43
863 	869 	18
863 	870 	29
864 	861 	10
864 	862 	2
864 	865 	21
864 	866 	23
864 	867 	26
864 	868 	45
865 	861 	11
865 	862 	19
865 	864 	21
865 	866 	24
865 	867 	43
865 	868 	46
866 	861 	13
866 	862 	21
866 	864 	23
866 	865 	24
866 	867 	45
866 	868 	22
867 	861 	32
867 	862 	24
867 	864 	26
867 	865 	43
867 	866 	45
867 	868 	67
868 	861 	35
868 	862 	43
868 	864 	45
868 	865 	46
868 	866 	22
868 	867 	67
869 	863 	18
869 	870 	47
870 	863 	29
870 	869 	47
871 	872 	24
871 	873 	44
871 	874 	33
871 	876 	22
871 	880 	37
872 	871 	24
872 	873 	20
872 	874 	9
872 	876 	2
872 	880 	13
873 	871 	44
873 	872 	20
873 	874 	11
873 	876 	22
873 	880 	15
874 	871 	33
874 	872 	9
874 	873 	11
874 	876 	11
874 	880 	4
875 	877 	16
875 	878 	17
875 	879 	38
876 	871 	22
876 	872 	2
876 	873 	22
876 	874 	11
876 	880 	15
877 	875 	16
877 	878 	33
877 	879 	54
878 	875 	17
878 	877 	33
878 	879 	21
879 	875 	38
879 	877 	54
879 	878 	21
880 	871 	37
880 	872 	13
880 	873 	15
880 	874 	4
880 	876 	15
882 	883 	27
882 	884 	18
883 	882 	27
883 	884 	9
884 	882 	18
884 	883 	9
885 	886 	34
885 	887 	47
885 	888 	17
885 	889 	46
885 	890 	6
886 	885 	34
886 	887 	13
886 	888 	17
886 	889 	12
886 	890 	40
887 	885 	47
887 	886 	13
887 	888 	30
887 	889 	1
887 	890 	53
888 	885 	17
888 	886 	17
888 	887 	30
888 	889 	29
888 	890 	23
889 	885 	46
889 	886 	12
889 	887 	1
889 	888 	29
889 	890 	52
890 	885 	6
890 	886 	40
890 	887 	53
890 	888 	23
890 	889 	52
891 	892 	28
891 	893 	22
891 	894 	51
891 	895 	21
891 	896 	44
891 	897 	4
891 	899 	18
891 	900 	9
892 	891 	28
892 	893 	42
892 	894 	71
892 	895 	41
892 	896 	16
892 	897 	24
892 	899 	38
892 	900 	37
893 	891 	22
893 	892 	42
893 	894 	37
893 	895 	7
893 	896 	58
893 	897 	18
893 	899 	4
893 	900 	31
894 	891 	51
894 	892 	71
894 	893 	37
894 	895 	30
894 	896 	87
894 	897 	47
894 	899 	33
894 	900 	60
895 	891 	21
895 	892 	41
895 	893 	7
895 	894 	30
895 	896 	57
895 	897 	17
895 	899 	3
895 	900 	30
896 	891 	44
896 	892 	16
896 	893 	58
896 	894 	87
896 	895 	57
896 	897 	40
896 	899 	54
896 	900 	53
897 	891 	4
897 	892 	24
897 	893 	18
897 	894 	47
897 	895 	17
897 	896 	40
897 	899 	14
897 	900 	13
899 	891 	18
899 	892 	38
899 	893 	4
899 	894 	33
899 	895 	3
899 	896 	54
899 	897 	14
899 	900 	27
900 	891 	9
900 	892 	37
900 	893 	31
900 	894 	60
900 	895 	30
900 	896 	53
900 	897 	13
900 	899 	27
901 	902 	29
901 	903 	17
901 	905 	77
901 	906 	30
901 	907 	46
901 	908 	20
901 	909 	53
901 	910 	35
902 	901 	29
902 	903 	46
902 	905 	48
902 	906 	59
902 	907 	17
902 	908 	9
902 	909 	24
902 	910 	64
903 	901 	17
903 	902 	46
903 	905 	94
903 	906 	47
903 	907 	63
903 	908 	37
903 	909 	70
903 	910 	52
905 	901 	77
905 	902 	48
905 	903 	94
905 	906 	107
905 	907 	65
905 	908 	57
905 	909 	24
905 	910 	112
906 	901 	30
906 	902 	59
906 	903 	47
906 	905 	107
906 	907 	76
906 	908 	50
906 	909 	83
906 	910 	5
907 	901 	46
907 	902 	17
907 	903 	63
907 	905 	65
907 	906 	76
907 	908 	26
907 	909 	41
907 	910 	81
908 	901 	20
908 	902 	9
908 	903 	37
908 	905 	57
908 	906 	50
908 	907 	26
908 	909 	33
908 	910 	55
909 	901 	53
909 	902 	24
909 	903 	70
909 	905 	24
909 	906 	83
909 	907 	41
909 	908 	33
909 	910 	88
910 	901 	35
910 	902 	64
910 	903 	52
910 	905 	112
910 	906 	5
910 	907 	81
910 	908 	55
910 	909 	88
911 	912 	3
911 	913 	14
911 	916 	12
911 	918 	20
911 	919 	31
912 	911 	3
912 	913 	11
912 	916 	9
912 	918 	17
912 	919 	28
913 	911 	14
913 	912 	11
913 	916 	2
913 	918 	6
913 	919 	17
914 	915 	25
914 	917 	9
914 	920 	25
915 	914 	25
915 	917 	16
915 	920 	50
916 	911 	12
916 	912 	9
916 	913 	2
916 	918 	8
916 	919 	19
917 	914 	9
917 	915 	16
917 	920 	34
918 	911 	20
918 	912 	17
918 	913 	6
918 	916 	8
918 	919 	11
919 	911 	31
919 	912 	28
919 	913 	17
919 	916 	19
919 	918 	11
920 	914 	25
920 	915 	50
920 	917 	34
921 	929 	13
922 	923 	3
922 	924 	13
922 	925 	14
922 	926 	27
922 	927 	14
922 	928 	3
922 	930 	6
923 	922 	3
923 	924 	16
923 	925 	17
923 	926 	30
923 	927 	17
923 	928 	6
923 	930 	9
924 	922 	13
924 	923 	16
924 	925 	1
924 	926 	40
924 	927 	27
924 	928 	16
924 	930 	19
925 	922 	14
925 	923 	17
925 	924 	1
925 	926 	41
925 	927 	28
925 	928 	17
925 	930 	20
926 	922 	27
926 	923 	30
926 	924 	40
926 	925 	41
926 	927 	13
926 	928 	30
926 	930 	33
927 	922 	14
927 	923 	17
927 	924 	27
927 	925 	28
927 	926 	13
927 	928 	17
927 	930 	20
928 	922 	3
928 	923 	6
928 	924 	16
928 	925 	17
928 	926 	30
928 	927 	17
928 	930 	9
929 	921 	13
930 	922 	6
930 	923 	9
930 	924 	19
930 	925 	20
930 	926 	33
930 	927 	20
930 	928 	9
931 	932 	35
931 	933 	38
931 	934 	29
931 	935 	26
931 	939 	8
931 	940 	27
932 	931 	35
932 	933 	3
932 	934 	6
932 	935 	61
932 	939 	43
932 	940 	62
933 	931 	38
933 	932 	3
933 	934 	9
933 	935 	64
933 	939 	46
933 	940 	65
934 	931 	29
934 	932 	6
934 	933 	9
934 	935 	55
934 	939 	37
934 	940 	56
935 	931 	26
935 	932 	61
935 	933 	64
935 	934 	55
935 	939 	34
935 	940 	1
936 	937 	17
937 	936 	17
939 	931 	8
939 	932 	43
939 	933 	46
939 	934 	37
939 	935 	34
939 	940 	35
940 	931 	27
940 	932 	62
940 	933 	65
940 	934 	56
940 	935 	1
940 	939 	35
941 	942 	21
941 	943 	48
941 	944 	9
941 	945 	36
941 	946 	52
941 	947 	50
941 	948 	17
942 	941 	21
942 	943 	69
942 	944 	30
942 	945 	57
942 	946 	73
942 	947 	71
942 	948 	4
943 	941 	48
943 	942 	69
943 	944 	39
943 	945 	12
943 	946 	5
943 	947 	7
943 	948 	65
944 	941 	9
944 	942 	30
944 	943 	39
944 	945 	27
944 	946 	43
944 	947 	41
944 	948 	26
945 	941 	36
945 	942 	57
945 	943 	12
945 	944 	27
945 	946 	16
945 	947 	14
945 	948 	53
946 	941 	52
946 	942 	73
946 	943 	5
946 	944 	43
946 	945 	16
946 	947 	2
946 	948 	69
947 	941 	50
947 	942 	71
947 	943 	7
947 	944 	41
947 	945 	14
947 	946 	2
947 	948 	67
948 	941 	17
948 	942 	4
948 	943 	65
948 	944 	26
948 	945 	53
948 	946 	69
948 	947 	67
949 	950 	28
950 	949 	28
951 	952 	2
951 	958 	5
951 	959 	25
951 	960 	24
952 	951 	2
952 	958 	7
952 	959 	27
952 	960 	22
953 	954 	72
953 	955 	18
953 	956 	43
953 	957 	11
954 	953 	72
954 	955 	86
954 	956 	29
954 	957 	61
955 	953 	18
955 	954 	86
955 	956 	57
955 	957 	25
956 	953 	43
956 	954 	29
956 	955 	57
956 	957 	32
957 	953 	11
957 	954 	61
957 	955 	25
957 	956 	32
958 	951 	5
958 	952 	7
958 	959 	20
958 	960 	29
959 	951 	25
959 	952 	27
959 	958 	20
959 	960 	49
960 	951 	24
960 	952 	22
960 	958 	29
960 	959 	49
961 	962 	1
961 	963 	4
961 	964 	25
961 	965 	3
961 	966 	6
961 	967 	12
961 	968 	22
961 	970 	41
962 	961 	1
962 	963 	5
962 	964 	26
962 	965 	4
962 	966 	7
962 	967 	13
962 	968 	23
962 	970 	42
963 	961 	4
963 	962 	5
963 	964 	23
963 	965 	1
963 	966 	10
963 	967 	10
963 	968 	20
963 	970 	39
964 	961 	25
964 	962 	26
964 	963 	23
964 	965 	22
964 	966 	31
964 	967 	31
964 	968 	3
964 	970 	22
965 	961 	3
965 	962 	4
965 	963 	1
965 	964 	22
965 	966 	9
965 	967 	9
965 	968 	19
965 	970 	38
966 	961 	6
966 	962 	7
966 	963 	10
966 	964 	31
966 	965 	9
966 	967 	18
966 	968 	28
966 	970 	47
967 	961 	12
967 	962 	13
967 	963 	10
967 	964 	31
967 	965 	9
967 	966 	18
967 	968 	28
967 	970 	47
968 	961 	22
968 	962 	23
968 	963 	20
968 	964 	3
968 	965 	19
968 	966 	28
968 	967 	28
968 	970 	19
970 	961 	41
970 	962 	42
970 	963 	39
970 	964 	22
970 	965 	38
970 	966 	47
970 	967 	47
970 	968 	19
971 	972 	42
971 	973 	34
971 	974 	10
971 	975 	8
971 	977 	24
971 	978 	11
971 	979 	52
971 	980 	50
972 	971 	42
972 	973 	8
972 	974 	32
972 	975 	34
972 	977 	66
972 	978 	53
972 	979 	94
972 	980 	8
973 	971 	34
973 	972 	8
973 	974 	24
973 	975 	26
973 	977 	58
973 	978 	45
973 	979 	86
973 	980 	16
974 	971 	10
974 	972 	32
974 	973 	24
974 	975 	2
974 	977 	34
974 	978 	21
974 	979 	62
974 	980 	40
975 	971 	8
975 	972 	34
975 	973 	26
975 	974 	2
975 	977 	32
975 	978 	19
975 	979 	60
975 	980 	42
977 	971 	24
977 	972 	66
977 	973 	58
977 	974 	34
977 	975 	32
977 	978 	17
977 	979 	28
977 	980 	74
978 	971 	11
978 	972 	53
978 	973 	45
978 	974 	21
978 	975 	19
978 	977 	17
978 	979 	45
978 	980 	61
979 	971 	52
979 	972 	94
979 	973 	86
979 	974 	62
979 	975 	60
979 	977 	28
979 	978 	45
979 	980 	102
980 	971 	50
980 	972 	8
980 	973 	16
980 	974 	40
980 	975 	42
980 	977 	74
980 	978 	61
980 	979 	102
981 	982 	18
981 	983 	48
981 	984 	10
981 	985 	15
981 	986 	60
981 	987 	42
981 	988 	40
981 	990 	80
982 	981 	18
982 	983 	66
982 	984 	28
982 	985 	33
982 	986 	78
982 	987 	60
982 	988 	58
982 	990 	98
983 	981 	48
983 	982 	66
983 	984 	38
983 	985 	43
983 	986 	24
983 	987 	6
983 	988 	8
983 	990 	44
984 	981 	10
984 	982 	28
984 	983 	38
984 	985 	5
984 	986 	50
984 	987 	32
984 	988 	30
984 	990 	70
985 	981 	15
985 	982 	33
985 	983 	43
985 	984 	5
985 	986 	55
985 	987 	37
985 	988 	35
985 	990 	75
986 	981 	60
986 	982 	78
986 	983 	24
986 	984 	50
986 	985 	55
986 	987 	18
986 	988 	20
986 	990 	20
987 	981 	42
987 	982 	60
987 	983 	6
987 	984 	32
987 	985 	37
987 	986 	18
987 	988 	2
987 	990 	38
988 	981 	40
988 	982 	58
988 	983 	8
988 	984 	30
988 	985 	35
988 	986 	20
988 	987 	2
988 	990 	40
990 	981 	80
990 	982 	98
990 	983 	44
990 	984 	70
990 	985 	75
990 	986 	20
990 	987 	38
990 	988 	40
991 	992 	21
991 	993 	3
991 	994 	29
991 	995 	7
991 	996 	36
991 	997 	42
991 	998 	23
991 	999 	33
991 	1000 	42
992 	991 	21
992 	993 	24
992 	994 	50
992 	995 	14
992 	996 	15
992 	997 	21
992 	998 	44
992 	999 	54
992 	1000 	63
993 	991 	3
993 	992 	24
993 	994 	32
993 	995 	10
993 	996 	39
993 	997 	45
993 	998 	20
993 	999 	30
993 	1000 	45
994 	991 	29
994 	992 	50
994 	993 	32
994 	995 	36
994 	996 	65
994 	997 	71
994 	998 	52
994 	999 	62
994 	1000 	13
995 	991 	7
995 	992 	14
995 	993 	10
995 	994 	36
995 	996 	29
995 	997 	35
995 	998 	30
995 	999 	40
995 	1000 	49
996 	991 	36
996 	992 	15
996 	993 	39
996 	994 	65
996 	995 	29
996 	997 	36
996 	998 	59
996 	999 	69
996 	1000 	78
997 	991 	42
997 	992 	21
997 	993 	45
997 	994 	71
997 	995 	35
997 	996 	36
997 	998 	65
997 	999 	75
997 	1000 	84
998 	991 	23
998 	992 	44
998 	993 	20
998 	994 	52
998 	995 	30
998 	996 	59
998 	997 	65
998 	999 	24
998 	1000 	65
999 	991 	33
999 	992 	54
999 	993 	30
999 	994 	62
999 	995 	40
999 	996 	69
999 	997 	75
999 	998 	24
999 	1000 	75
1000 	991 	42
1000 	992 	63
1000 	993 	45
1000 	994 	13
1000 	995 	49
1000 	996 	78
1000 	997 	84
1000 	998 	65
1000 	999 	75
